dimension,birth,death
2,0.0010596083302649795,0.001157485790249829
2,0.0008527243365438386,0.0009261408484536733
2,0.0010190888825363272,0.0010756965666085718
2,0.0005509001915877052,0.0005990428078118859
2,0.0009183713162500197,0.000959364316980383
2,0.001087327093333161,0.0011158735547774816
2,0.0004696042660537137,0.0004963458550952041
2,0.00031102122545983903,0.000336230300817247
2,0.0009609698643859582,0.0009836159252620813
2,0.000719891216310721,0.0007393816774747196
2,0.0007342936684041186,0.000752806569184909
2,0.001233542781707574,0.0012489168157849204
2,0.00045141892473706907,0.0004657230955327676
2,0.000811777750830842,0.0008254071819855005
2,0.0005890855220338577,0.0005949842381040588
2,0.0010387402705236068,0.0010427033607977856
2,0.0005809081216631197,0.000583434171578004
2,0.0011141723877216253,0.0011158735547774816
2,0.000574964911135956,0.0005764421988733565
2,0.0008064049841387181,0.0008070592994376067
1,0.015470286533159478,0.024054393946367228
1,0.02178751836767015,0.027662993147023786
1,0.018423530471837916,0.022625722850978625
1,0.01943012357167879,0.021939496634474597
1,0.018951513093636973,0.021455978698998117
1,0.008929984329729922,0.011338153273201748
1,0.009411294838831604,0.010307279805879708
1,0.01745553102393043,0.01829931583515627
1,0.007752419286714398,0.00851049739971093
1,0.013825400842356525,0.014435541156842379
1,0.019953735687600685,0.020442531345241613
1,0.0007683982419601367,0.0011758500557408431
1,0.0010044247096338097,0.0013278190116088465
1,0.001007200523141632,0.00133011946525815
1,0.0005934579789952326,0.0008587885805232557
1,0.0007876536321244913,0.0010466190242784767
1,0.0011386348715310755,0.0013874666333942248
1,0.0004913594585042311,0.0007372472801373245
1,0.006418351757965056,0.00665809161438933
1,0.0015032962525396549,0.0017397323493708948
1,0.0009378238380429542,0.0011653062237032784
1,0.0007597655296982263,0.0009863673294159309
1,0.000735411802786789,0.0009597686681369576
1,0.0005655994835565508,0.0007778464532549863
1,0.0010662167167907472,0.0012713718038165156
1,0.0006170918744848749,0.0008207929196878542
1,0.0011606633845852711,0.0013623895481736131
1,0.0005196352506811322,0.000721337084812672
1,0.0008457913227792751,0.0010471018656739903
1,0.0009193854910251877,0.0011137502087864932
1,0.01377724555713149,0.013967401487047146
1,0.0005808828981137763,0.0007675210848529071
1,0.0005787802150072061,0.0007647961832311346
1,0.0006776233667614293,0.0008580958492193577
1,0.0008082678374638894,0.000984778401292173
1,0.0005105872573032616,0.0006868625186193289
1,0.0006428591060262148,0.0008185666209982919
1,0.0003977767566166073,0.0005694455905113684
1,0.0007341345107710611,0.0008995109671277602
1,0.00041108542999665693,0.0005734347944459674
1,0.00042407736777717885,0.0005773934017379257
1,0.0005312601079272216,0.0006813745445418969
1,0.0004632380272668424,0.0006117603635472631
1,0.0008906419444821484,0.001038406593673734
1,0.00042039672170555146,0.0005661773021356089
1,0.0005570119438075855,0.0006996074291433733
1,0.008712600693281822,0.008850483423633856
1,0.0005731880323992413,0.0007075448765225139
1,0.0008771657909657566,0.0010109636273237406
1,0.0007184120673997653,0.0008507165895653354
1,0.0008049613351289878,0.0009346764176108635
1,0.00047439426358418817,0.000601793501657955
1,0.00041445728725839743,0.0005395928223406188
1,0.0002768066921368762,0.00040186680196137455
1,0.0004194321423619038,0.0005413585133581277
1,0.001018290440288469,0.0011401079776994052
1,0.0006235739258364801,0.0007392058814545492
1,0.0004992932791894576,0.0006113774991575965
1,0.0008206135564518011,0.0009300823007350174
1,0.0003662906982546197,0.0004746270275137671
1,0.0006792932411302863,0.0007831797497501273
1,0.00036104248412122645,0.0004645109024800761
1,0.0005805271503966992,0.0006824288474246502
1,0.0006439135448140693,0.0007433437141794765
1,0.006596378922824203,0.006695513421990496
1,0.0005369297759234873,0.0006344470960328169
1,0.0007900245916478559,0.0008867505529219932
1,0.0002784894206351647,0.00037399645590153904
1,0.0003815637872054391,0.00047568364188442156
1,0.0010290322463767977,0.0011230994866781511
1,0.0004902428299151768,0.0005826993049279064
1,0.0005686581468184586,0.0006601062663988194
1,0.00033679788525954005,0.0004266467119916227
1,0.0009043674540851131,0.0009937989724351035
1,0.0010167680479982845,0.0011061255074150485
1,0.0006566709692133839,0.0007446191412031195
1,0.001005964372996538,0.001092367949329843
1,0.0004262889515205176,0.0005122070586467018
1,0.0008136879344217567,0.0008982651703606237
1,0.0006760408040908737,0.0007578724928562128
1,0.0005083744182063214,0.0005875811001445661
1,0.0009406511515876452,0.0010192374404283653
1,0.00041446587451118047,0.0004925652523460805
1,0.004844989659377713,0.004922844995065976
1,0.0149104762026382,0.014987788089984872
1,0.0004937484070869702,0.0005707584548411018
1,0.0017576255249238091,0.001833964867646909
1,0.0006544776833137749,0.0007301519510149283
1,0.0008633938439545106,0.0009376832338205916
1,0.0006388797277647412,0.000713152803900733
1,0.00040951487108932164,0.00048353915494429373
1,0.000513502961813242,0.0005868319405091205
1,0.0005899215819439446,0.0006621235577348589
1,0.00046278560800637686,0.0005342027476274755
1,0.0005769866293896713,0.0006483757011014533
1,0.00025915644670773376,0.0003292370345994321
1,0.0003847987961757836,0.0004544047364660013
1,0.0006931735274259551,0.0007627607369392323
1,0.0009351520175158647,0.0010026969684619235
1,0.0007786671430973485,0.0008455955834241576
1,0.0007900701691468003,0.0008557604996824284
1,0.0013268206003954875,0.0013916314082087027
1,0.0003836068858478856,0.0004481037686516779
1,0.0009464612278006368,0.0010102223617055725
1,0.0003963289546211922,0.00045935031362282825
1,0.00042914560875917,0.0004918831572611179
1,0.0007921131221554609,0.000854246565912741
1,0.00030099142317938326,0.0003629975713329085
1,0.0008203054056462533,0.0008818678128392805
1,0.00039476829528675125,0.0004562822383967049
1,0.0006698917005026358,0.0007310857124922288
1,0.0006646596932284468,0.0007256057590730777
1,0.0007692798715181904,0.0008301493467771275
1,0.000385466327275865,0.0004462916763942766
1,0.0006652885045978039,0.0007256453104700242
1,0.0008249382086091387,0.0008844046103581846
1,0.00030168259255722595,0.0003607211622420981
1,0.0006910456563799887,0.0007495417696417478
1,0.0006015998806869474,0.0006595084970480449
1,0.0004804824289493536,0.0005377468202718089
1,0.0005068931322664168,0.0005629756282733157
1,0.0004145716992104977,0.00046946959319005835
1,0.0003767916473617188,0.0004314503285620205
1,0.00037432733133147466,0.0004270434271151053
1,0.0005580265523420165,0.0006103505903074733
1,0.0002499574597345198,0.00030211196791014877
1,0.00032707467916723044,0.00037913411892949206
1,0.00024656349330511425,0.00029729934565036835
1,0.0003960655209631662,0.0004465026429318358
1,0.0004370019459102101,0.00048635277171137683
1,0.0004919736206314198,0.0005399661723541612
1,0.0009206246870922246,0.0009681233765828071
1,0.0002946652127209148,0.00034208432529698275
1,0.0003196069773359709,0.0003668045424821846
1,0.0008741390463069127,0.000921002244041171
1,0.0002753211792977842,0.00032188728052426314
1,0.000926269176819544,0.0009725298913028254
1,0.00035875434073601235,0.00040421824324963097
1,0.0002319184565171647,0.00027721169919002405
1,0.0007700841092044925,0.0008150697189155302
1,0.0005863638570488587,0.0006312760580307126
1,0.0004905831476999622,0.0005346786324223064
1,0.0007678081993247414,0.0008118990457598499
1,0.0007664722235500434,0.000809998080549741
1,0.0005647668620487897,0.0006082797465408465
1,0.000701731549401547,0.0007451127288725144
1,0.0009383124663633428,0.0009815075583459107
1,0.0007996462175961154,0.0008427976782854307
1,0.000560315129205904,0.0006033807701961488
1,0.0007075492647072179,0.0007505443124943947
1,0.0004373513490240568,0.00048026044100466897
1,0.0008888315559073234,0.0009311918033952148
1,0.0005286270696942504,0.0005708775462853697
1,0.00047128523973648473,0.0005126543384663283
1,0.0004867451675931393,0.0005276724144624671
1,0.0007880867065127925,0.000828986242182481
1,0.0004346551017685965,0.0004754264668992482
1,0.0005537411466289814,0.0005942227537703909
1,0.0005103402324475491,0.0005505902062075257
1,0.00029981375126921894,0.00034004246679750916
1,0.000637760968077235,0.0006776289840578708
1,0.0006566112005479096,0.000696209056577004
1,0.0007821046206355322,0.0008215431325679608
1,0.0002691916879486596,0.00030858149544237044
1,0.0007694350857749958,0.0008086388974274427
1,0.000585574599647371,0.0006244872512607789
1,0.0005421939890035856,0.0005801399329994608
1,0.00026844816141965896,0.00030623018584795107
1,0.0005403040159202481,0.0005779380862441062
1,0.00038992683157865627,0.00042755475104124896
1,0.0005314076269115005,0.0005690164087895021
1,0.0002616666071139867,0.000299033637692131
1,0.0006505753677434467,0.0006877660477110872
1,0.0009158600862642332,0.0009529268666439441
1,0.00022365650146924062,0.0002605902415867015
1,0.000536244312589069,0.0005725376060537677
1,0.0010414780525796002,0.0010775531902120507
1,0.00029165249699728127,0.00032711055221123196
1,0.00028198689291597143,0.00031728274711087143
1,0.0005876851618693533,0.0006221531699674645
1,0.00042541008396117106,0.0004597994716066608
1,0.00030086985837549215,0.0003352143230460986
1,0.0004298319265035015,0.00046383366235951666
1,0.00041157250456549764,0.0004451478330632031
1,0.00033620591603539425,0.0003696348014139913
1,0.0012403676827744748,0.0012737562435773335
1,0.00034942651293820126,0.0003820799280532471
1,0.00047797759270639203,0.0005100095383001701
1,0.00026432052661037197,0.00029629109864689996
1,0.00040812748525682153,0.0004399220429540595
1,0.0003957255501732753,0.0004267847229708818
1,0.000371415901456274,0.0004008032130013048
1,0.0002164298269421323,0.0002456704049575423
1,0.00044117331247301046,0.0004696042660537137
1,0.008300847955106242,0.008328879176932813
1,0.0006524651249575432,0.0006801761793121105
1,0.0006941370936590139,0.0007217794400529483
1,0.0008825347793487421,0.0009101554273143802
1,0.00036052357252935267,0.00038740885524086115
1,0.0006610474301607194,0.0006876937733198285
1,0.0003680755984705474,0.00039457137389208225
1,0.0006933988189750368,0.0007197026119779593
1,0.00027603773097699175,0.0003019133025130187
1,0.00035785464328610657,0.0003837136922722967
1,0.0002719372470312809,0.0002973544738530573
1,0.0004037508119267925,0.0004290663759955107
1,0.000694057817969379,0.0007189766573407963
1,0.0007943021133364962,0.0008188229855927886
1,0.0004110724396526678,0.00043497270831956896
1,0.0003853731270253048,0.000406870430338324
1,0.00038742017493815313,0.0004085682228390523
1,0.00035627531587878583,0.0003767333719109865
1,0.0006141188662086947,0.0006336396450605346
1,0.0006079368200475615,0.000627074395440516
1,0.0003912126613885561,0.00041032260019328984
1,0.00029057429553583646,0.00030935687054373866
1,0.0002937821476819537,0.00031248628928722753
1,0.00042881671949726564,0.00044700220052445473
1,0.0005926406926625351,0.0006105681190001728
1,0.00027192715931014617,0.00028979906515999
1,0.0002733905234390396,0.000291114681054853
1,0.0003303779524784088,0.0003479035214127979
1,0.00022421598088698196,0.0002417252827814652
1,0.0005551283952293745,0.000572607845094715
1,0.0003746894258792419,0.0003920667665505111
1,0.00039464547842425366,0.0004106638111120481
1,0.0003854278974266836,0.0004011660746594389
1,0.0003065895741311201,0.0003222757401697966
1,0.0002941159426713185,0.0003097498992740134
1,0.0005591189664889207,0.0005743069882306619
1,0.0006002583709718611,0.0006149912761679074
1,0.000835823902645108,0.000850511760815824
1,0.0004740126729833156,0.0004886131185557216
1,0.0006369550934016587,0.0006513926508089833
1,0.0005930221242746699,0.0006073767142195024
1,0.0006958058596376717,0.0007100669766648307
1,0.000588372738034854,0.0006018030482634841
1,0.001021033654820992,0.0010344564414698303
1,0.0009254231969077437,0.0009387034454712437
1,0.0006374412205654243,0.0006505425317385685
1,0.0003737747399339307,0.000386773066086096
1,0.00040221904222488005,0.00041497760218852487
1,0.00028929831037558716,0.0003017686818385736
1,0.0002544031055763223,0.00026686137733029995
1,0.0009026626893098148,0.000914849023169562
1,0.0004150760440520446,0.0004270405539206913
1,0.00025529482334581827,0.00026697723662126257
1,0.0005502028814712097,0.0005616564106510603
1,0.00027865086543137324,0.0002900695768077407
1,0.00026015108011955365,0.0002714518647417518
1,0.0003204993016064107,0.0003317043963948268
1,0.0004340757816354057,0.0004448983948666176
1,0.0010434596615713882,0.0010542000474893544
1,0.00024496701819313104,0.0002551401130877885
1,0.00028011500791753354,0.0002901874322285063
1,0.0002720850901834397,0.00028213432544451717
1,0.0002121032730081063,0.00022207469046072752
1,0.00031947009406570946,0.0003293796140562722
1,0.0005618391436709929,0.0005715489694253247
1,0.00038563025087550687,0.0003953013353976035
1,0.0004056695575537416,0.0004151679349068663
1,0.00035503989108259137,0.00036365776448958365
1,0.0005968945884764448,0.0006052652612499962
1,0.00041038700228783584,0.00041855284463506245
1,0.000354443791095231,0.0003624904190651747
1,0.0009409223768191122,0.0009486243714260804
1,0.0007861975463996053,0.0007938842683663171
1,0.00028321754975377825,0.0002908183598231387
1,0.0003297982973347511,0.0003373526303946881
1,0.00027979952510314956,0.0002872636301377597
1,0.0005392018370797344,0.0005464186748836725
1,0.00046144874370582575,0.0004686622277605135
1,0.0003391511526727517,0.00034604185593067074
1,0.0004193488147239317,0.0004259690447076372
1,0.0005190010502165747,0.0005256082037853395
1,0.0007207821887384592,0.000727344832675574
1,0.0010459824352763217,0.0010525078451321978
1,0.0004841881251790443,0.0004905002746813089
1,0.00033929285888587094,0.0003455680477163533
1,0.000557406460377846,0.0005636306044731418
1,0.0004060896377699795,0.00041227419610232146
1,0.000596894359650532,0.0006026912418118656
1,0.00039814009883695095,0.00040349178860622743
1,0.00036104140157940286,0.00036611886280715213
1,0.0004908930143555379,0.0004950286646359554
1,0.0004636988465850613,0.000467659574610092
1,0.001205642209125416,0.0012092166083381801
1,0.00038622161649700017,0.0003894437933670563
1,0.00046386189818559294,0.00046684539971000616
1,0.00031337400579865176,0.0003161640360920726
1,0.000365368074265328,0.00036807374609463335
1,0.0004973249703951287,0.000499757509775898
1,0.0005790198445587018,0.0005811624110831238
1,0.00019945815398602796,0.00020071757078657105
1,0.0005523810255153251,0.0005535433672274567
1,0.0004599619235938013,0.0004609401006076538
1,0.0003044993003343304,0.00030470539125498767
1,0.0008905196048752289,0.000890608029902456
1,0.0007287047983476376,0.0007287903722776667
0,0.0,inf
0,0.0,0.02152575669921572
0,0.0,0.01912505588357776
0,0.0,0.018483803048240866
0,0.0,0.017747072687352754
0,0.0,0.016998148675226022
0,0.0,0.01605257471596558
0,0.0,0.015970599763291658
0,0.0,0.015465458908966882
0,0.0,0.014900673138250714
0,0.0,0.01457411737220823
0,0.0,0.014307263911426149
0,0.0,0.01368253046826108
0,0.0,0.01337161845610436
0,0.0,0.012842794148334771
0,0.0,0.01223409136169051
0,0.0,0.011203700136781305
0,0.0,0.010505049133613675
0,0.0,0.010261587585482108
0,0.0,0.009117473106528128
0,0.0,0.008371614908671844
0,0.0,0.008033218391308515
0,0.0,0.007708418306750526
0,0.0,0.007635888480273183
0,0.0,0.0070892868342654495
0,0.0,0.006282266827963492
0,0.0,0.005870791939555608
0,0.0,0.005593807288618631
0,0.0,0.004804374272526968
0,0.0,0.0030458761648156332
0,0.0,0.002987314453083601
0,0.0,0.002886029459924623
0,0.0,0.0026565124777460196
0,0.0,0.0025686701574522868
0,0.0,0.0024130247728353055
0,0.0,0.002337871048879381
0,0.0,0.0020669071204690585
0,0.0,0.0019558403797383266
0,0.0,0.0018013331008256298
0,0.0,0.001773024270089706
0,0.0,0.0016076242175588368
0,0.0,0.0015274527428321845
0,0.0,0.0015154487514048211
0,0.0,0.0014720116079249997
0,0.0,0.0014560361878404114
0,0.0,0.0013467609431717694
0,0.0,0.0013067205210089575
0,0.0,0.0012713871485399782
0,0.0,0.0012646444739652658
0,0.0,0.0012646215885796627
0,0.0,0.0012448076646653793
0,0.0,0.0011724994144116099
0,0.0,0.0011690075501581414
0,0.0,0.0011254079277927098
0,0.0,0.0011175019943056941
0,0.0,0.001116043045591728
0,0.0,0.0010795914364289244
0,0.0,0.001050173850077356
0,0.0,0.001042380004300827
0,0.0,0.0010338835089293153
0,0.0,0.001030014579925845
0,0.0,0.0010295155589017592
0,0.0,0.0010157146528300908
0,0.0,0.000996068509065767
0,0.0,0.0009843358113273684
0,0.0,0.000978173510022339
0,0.0,0.0009776143565230285
0,0.0,0.0009770739723471659
0,0.0,0.0009671642593014111
0,0.0,0.0009639939242208353
0,0.0,0.0009509875659754677
0,0.0,0.0009442525520873952
0,0.0,0.0009413131768590413
0,0.0,0.0009358420922492295
0,0.0,0.0009310042765960024
0,0.0,0.0009233003011109521
0,0.0,0.0009153047504456436
0,0.0,0.0009115454646424164
0,0.0,0.0009076164988353877
0,0.0,0.0008941422008950189
0,0.0,0.0008931345510315812
0,0.0,0.0008905726609450777
0,0.0,0.0008903099802390703
0,0.0,0.000888684185058742
0,0.0,0.0008775153149786709
0,0.0,0.0008726434492678052
0,0.0,0.0008714618044334504
0,0.0,0.0008712583701495558
0,0.0,0.0008711207587709179
0,0.0,0.0008657080513325737
0,0.0,0.0008651586398841365
0,0.0,0.0008639363593869611
0,0.0,0.0008620298354428371
0,0.0,0.0008504380308724782
0,0.0,0.0008457111948633038
0,0.0,0.0008392748327689776
0,0.0,0.0008374861829672013
0,0.0,0.0008374711308724766
0,0.0,0.0008356446135494596
0,0.0,0.0008274202171858099
0,0.0,0.0008226861853042037
0,0.0,0.0008156657837916753
0,0.0,0.0008137497018682882
0,0.0,0.0008128051957470412
0,0.0,0.0008116123453673528
0,0.0,0.0008051709520112547
0,0.0,0.0008032815407930257
0,0.0,0.000801056218430756
0,0.0,0.0008002842714581723
0,0.0,0.0007987051899184079
0,0.0,0.0007783299471405429
0,0.0,0.0007770995021884855
0,0.0,0.0007751027852268117
0,0.0,0.000767009258253146
0,0.0,0.0007662831309823749
0,0.0,0.0007656268078220503
0,0.0,0.0007618626617585541
0,0.0,0.0007560532980597964
0,0.0,0.0007550400238528526
0,0.0,0.0007480951033597773
0,0.0,0.000745323904700431
0,0.0,0.0007435034908608452
0,0.0,0.000742626628877242
0,0.0,0.0007399105072546354
0,0.0,0.0007391108787887482
0,0.0,0.0007344896135351544
0,0.0,0.0007334081312501477
0,0.0,0.0007294849978973767
0,0.0,0.0007251924427694068
0,0.0,0.0007194543386494051
0,0.0,0.0007162628931838033
0,0.0,0.000715016673482794
0,0.0,0.0007110901449653434
0,0.0,0.0007074939364843986
0,0.0,0.000707379650933301
0,0.0,0.000705129790483923
0,0.0,0.0007042258418530909
0,0.0,0.0007018448562927212
0,0.0,0.0006971265790759901
0,0.0,0.0006968661859410957
0,0.0,0.0006957162285848934
0,0.0,0.0006941614748389987
0,0.0,0.0006939910388879029
0,0.0,0.000690219656028036
0,0.0,0.0006894477427483755
0,0.0,0.000687762900868823
0,0.0,0.000687353135773136
0,0.0,0.0006838255655825114
0,0.0,0.00067858499044648
0,0.0,0.0006763761783102095
0,0.0,0.0006712437512436252
0,0.0,0.0006694712581415682
0,0.0,0.0006639985524131137
0,0.0,0.000659857982642948
0,0.0,0.0006577031829796133
0,0.0,0.0006558654560721722
0,0.0,0.0006531922138406013
0,0.0,0.0006531090534083247
0,0.0,0.0006474215683718381
0,0.0,0.0006459837931288281
0,0.0,0.0006443638974927457
0,0.0,0.0006427607869760516
0,0.0,0.0006423350201888099
0,0.0,0.0006420941649489917
0,0.0,0.0006409596649576536
0,0.0,0.0006403597087253816
0,0.0,0.0006388066561959742
0,0.0,0.0006386592336032631
0,0.0,0.0006379695314640081
0,0.0,0.0006354354111989473
0,0.0,0.00063304689463042
0,0.0,0.0006280038410919454
0,0.0,0.0006279405348783265
0,0.0,0.0006277715920690631
0,0.0,0.0006245156058556932
0,0.0,0.000624369192244213
0,0.0,0.0006224525828682024
0,0.0,0.0006213724669562894
0,0.0,0.0006194997985479957
0,0.0,0.000618942330855896
0,0.0,0.0006183585229988586
0,0.0,0.0006119852499317579
0,0.0,0.0006089405185536026
0,0.0,0.0006078196491262318
0,0.0,0.0006073353605185977
0,0.0,0.0006056172435286684
0,0.0,0.0006054166718669925
0,0.0,0.0006041201083539112
0,0.0,0.0006024331554290838
0,0.0,0.0005990058253220333
0,0.0,0.0005979868074979165
0,0.0,0.0005967667403227029
0,0.0,0.0005955238664363098
0,0.0,0.0005952734035889633
0,0.0,0.0005912801442035686
0,0.0,0.0005880651705004983
0,0.0,0.00058774111007491
0,0.0,0.0005875116174636462
0,0.0,0.0005853557997503257
0,0.0,0.000582777131656854
0,0.0,0.0005818387950216613
0,0.0,0.000580688808178314
0,0.0,0.0005804450607850371
0,0.0,0.0005790489307494664
0,0.0,0.0005786665101920814
0,0.0,0.0005765927855846256
0,0.0,0.0005756325631577338
0,0.0,0.0005745548845944181
0,0.0,0.000571664048347123
0,0.0,0.0005690401146891813
0,0.0,0.0005684157449525821
0,0.0,0.000567944166917952
0,0.0,0.0005677980506204272
0,0.0,0.0005672769217289227
0,0.0,0.0005660657291863177
0,0.0,0.0005654216679982611
0,0.0,0.000563990129730398
0,0.0,0.0005631143688632948
0,0.0,0.000563095662298578
0,0.0,0.0005624847415089992
0,0.0,0.0005596890743921055
0,0.0,0.000558438638330188
0,0.0,0.0005557225046707162
0,0.0,0.0005526192519079953
0,0.0,0.0005511140181344394
0,0.0,0.0005478599493338298
0,0.0,0.0005465802108122099
0,0.0,0.0005454504390646211
0,0.0,0.0005436812195096015
0,0.0,0.0005433134969013699
0,0.0,0.0005420610188247661
0,0.0,0.000540840419390363
0,0.0,0.0005394815205201361
0,0.0,0.0005384337565435647
0,0.0,0.0005373328892676794
0,0.0,0.0005366724112767131
0,0.0,0.0005340103746664066
0,0.0,0.0005313927314062241
0,0.0,0.0005303940121184669
0,0.0,0.0005286533681094
0,0.0,0.00052728397786495
0,0.0,0.0005241901866936061
0,0.0,0.0005235693488082109
0,0.0,0.0005230343727828394
0,0.0,0.0005222636824350895
0,0.0,0.000521001721212066
0,0.0,0.0005206256456266968
0,0.0,0.0005197874712224237
0,0.0,0.0005190722505273344
0,0.0,0.0005189415326925497
0,0.0,0.0005183243086542242
0,0.0,0.0005174200566674338
0,0.0,0.0005168230049642809
0,0.0,0.000516720305433283
0,0.0,0.0005166208019599436
0,0.0,0.0005154527304431718
0,0.0,0.0005151403031526608
0,0.0,0.0005149970582787357
0,0.0,0.000513501786699617
0,0.0,0.0005122374955281436
0,0.0,0.0005108226392848788
0,0.0,0.000510257325952323
0,0.0,0.0005093405922570986
0,0.0,0.0005082458091524806
0,0.0,0.0005067791644666011
0,0.0,0.0005043163064776923
0,0.0,0.0005005587751346977
0,0.0,0.0005003420021908056
0,0.0,0.0005002912198003833
0,0.0,0.0005002480301510243
0,0.0,0.0004999460708443593
0,0.0,0.00049652867462889
0,0.0,0.0004964979453845686
0,0.0,0.0004953387109896569
0,0.0,0.0004950574247040483
0,0.0,0.0004944283491547958
0,0.0,0.0004935607637583495
0,0.0,0.0004927835653297453
0,0.0,0.000492488316941184
0,0.0,0.0004916290747648317
0,0.0,0.0004911051227349626
0,0.0,0.0004906545407570669
0,0.0,0.0004903615725662492
0,0.0,0.0004893532015210527
0,0.0,0.00048820433847373467
0,0.0,0.0004878002679799136
0,0.0,0.00048566247856525035
0,0.0,0.00048528019202403165
0,0.0,0.00048341006558737216
0,0.0,0.0004805681412382863
0,0.0,0.00047831817195460034
0,0.0,0.00047710653669448175
0,0.0,0.00047633600705065927
0,0.0,0.00047544918868530286
0,0.0,0.00047531130375404396
0,0.0,0.0004752190026688956
0,0.0,0.00047482544813439933
0,0.0,0.0004739795406996536
0,0.0,0.00047281181325146716
0,0.0,0.0004699529094069924
0,0.0,0.0004697869438185485
0,0.0,0.0004696726524642022
0,0.0,0.0004685875994060605
0,0.0,0.00046662381585049566
0,0.0,0.0004643167704086193
0,0.0,0.0004631157558025486
0,0.0,0.00046226459270870714
0,0.0,0.000462236194211071
0,0.0,0.0004621536173988457
0,0.0,0.00046208523630548
0,0.0,0.0004610302245053283
0,0.0,0.00045746315210684217
0,0.0,0.0004565291645842982
0,0.0,0.00045426986246424725
0,0.0,0.0004539246716209852
0,0.0,0.0004509500160694195
0,0.0,0.0004501869905770476
0,0.0,0.00044979455507070397
0,0.0,0.0004495021861004193
0,0.0,0.00044906657277542683
0,0.0,0.00044623398277399774
0,0.0,0.0004462128664854013
0,0.0,0.00044571358871245816
0,0.0,0.0004450755456506346
0,0.0,0.00044493452045625797
0,0.0,0.0004447168083512005
0,0.0,0.0004446355079843999
0,0.0,0.00044379367945632605
0,0.0,0.00044361873023223943
0,0.0,0.0004431777690956214
0,0.0,0.00044239673564291124
0,0.0,0.00044102089080527956
0,0.0,0.0004408260804876496
0,0.0,0.0004399670569597033
0,0.0,0.00043926189770271607
0,0.0,0.0004390342462545912
0,0.0,0.0004382493495406689
0,0.0,0.0004375477141201847
0,0.0,0.0004365628992178954
0,0.0,0.0004349714388245568
0,0.0,0.00043445158988884033
0,0.0,0.0004334965871073207
0,0.0,0.0004332597084691276
0,0.0,0.0004322287764589558
0,0.0,0.0004314742402686511
0,0.0,0.0004311500363342465
0,0.0,0.00043113338870187624
0,0.0,0.000430985211885541
0,0.0,0.00043024009053856387
0,0.0,0.0004299339078858171
0,0.0,0.00042898677904780003
0,0.0,0.0004281628453232641
0,0.0,0.0004278922089526228
0,0.0,0.00042746167936011457
0,0.0,0.00042728754619606395
0,0.0,0.0004269989238010047
0,0.0,0.0004257091829627888
0,0.0,0.0004250782158625656
0,0.0,0.0004242632428572629
0,0.0,0.0004233063304138181
0,0.0,0.00042312732852203236
0,0.0,0.00042220503607523057
0,0.0,0.0004205809010870885
0,0.0,0.00042047001276923304
0,0.0,0.0004198727516766453
0,0.0,0.0004192661144006174
0,0.0,0.0004188124123155856
0,0.0,0.000417512960184521
0,0.0,0.0004174105935971988
0,0.0,0.0004168212571928541
0,0.0,0.0004167197810364168
0,0.0,0.00041642104426257195
0,0.0,0.00041591652459804394
0,0.0,0.0004150888994654164
0,0.0,0.0004145463688188555
0,0.0,0.00041419020313340494
0,0.0,0.0004129298675656738
0,0.0,0.0004126079738380609
0,0.0,0.0004125961143627138
0,0.0,0.00041172624850222895
0,0.0,0.0004110988693724159
0,0.0,0.0004109475617395339
0,0.0,0.0004108690529290324
0,0.0,0.000410856561780064
0,0.0,0.00041004871472333335
0,0.0,0.0004097127580928737
0,0.0,0.00040937537973789886
0,0.0,0.00040905161882446775
0,0.0,0.000408153971635813
0,0.0,0.0004077657356122421
0,0.0,0.0004074081103628907
0,0.0,0.00040589176250745005
0,0.0,0.00040490635788613784
0,0.0,0.00040489991479577745
0,0.0,0.0004041351535769109
0,0.0,0.0004041107470061962
0,0.0,0.00040349594779684754
0,0.0,0.00040293787720691726
0,0.0,0.00040278489518390465
0,0.0,0.00039950759073870015
0,0.0,0.0003992641120302193
0,0.0,0.00039725502781033883
0,0.0,0.0003972112883782632
0,0.0,0.0003970932171479901
0,0.0,0.0003969738726693845
0,0.0,0.0003958287911980948
0,0.0,0.0003957304004819729
0,0.0,0.00039538688312067144
0,0.0,0.00039454571248401346
0,0.0,0.0003940980599135236
0,0.0,0.0003938696774048252
0,0.0,0.00039381950724228784
0,0.0,0.00039363030912100945
0,0.0,0.00039354226902097144
0,0.0,0.00039223277258698496
0,0.0,0.0003916234615507223
0,0.0,0.0003912339995479833
0,0.0,0.00039123326649428573
0,0.0,0.0003907388822724618
0,0.0,0.0003899042285598053
0,0.0,0.0003898956805764304
0,0.0,0.00038903552374034583
0,0.0,0.00038855597506834324
0,0.0,0.0003883772748215006
0,0.0,0.0003878364383374126
0,0.0,0.00038704535410071124
0,0.0,0.0003867638733473652
0,0.0,0.00038675943574362134
0,0.0,0.00038634978072612456
0,0.0,0.00038634564313557546
0,0.0,0.0003861039850608326
0,0.0,0.00038512625750478183
0,0.0,0.00038485099192808123
0,0.0,0.0003844472855328936
0,0.0,0.0003842052948242299
0,0.0,0.00038387217273489426
0,0.0,0.000383841444828897
0,0.0,0.0003838312166276214
0,0.0,0.0003836785100698994
0,0.0,0.00038350399108734917
0,0.0,0.00038335113926792465
0,0.0,0.00038330728537877605
0,0.0,0.0003823541012532487
0,0.0,0.0003823013715818828
0,0.0,0.00038200768316945353
0,0.0,0.0003819357422446613
0,0.0,0.00038187931108119797
0,0.0,0.0003814789191020696
0,0.0,0.0003812440527121301
0,0.0,0.0003811044741302899
0,0.0,0.00038107218400095427
0,0.0,0.0003802839600169172
0,0.0,0.00038015721535453043
0,0.0,0.0003800587574448719
0,0.0,0.00037978164061984253
0,0.0,0.00037873308989025997
0,0.0,0.0003777564921093541
0,0.0,0.0003770327722589063
0,0.0,0.0003754169252087002
0,0.0,0.0003743117534595315
0,0.0,0.0003740912378191455
0,0.0,0.00037311791982768403
0,0.0,0.00037242921769487376
0,0.0,0.00037234431419039466
0,0.0,0.0003721533433094291
0,0.0,0.0003716744672717049
0,0.0,0.00037160597732042045
0,0.0,0.00037081038076081536
0,0.0,0.00037033280570538855
0,0.0,0.000368957008737511
0,0.0,0.00036875773970882397
0,0.0,0.00036851692564085573
0,0.0,0.00036768674108595594
0,0.0,0.0003671030264031678
0,0.0,0.0003670886082988037
0,0.0,0.0003670806548751196
0,0.0,0.0003668052725158894
0,0.0,0.00036667196433662976
0,0.0,0.0003664871215235896
0,0.0,0.0003663953239966556
0,0.0,0.0003662922944447608
0,0.0,0.00036563376953075935
0,0.0,0.0003655152445065128
0,0.0,0.0003654897950243045
0,0.0,0.0003638315140285557
0,0.0,0.00036377428258258925
0,0.0,0.00036347942811068383
0,0.0,0.000363424199497654
0,0.0,0.000362072228011892
0,0.0,0.0003619109141494624
0,0.0,0.00036176999715678153
0,0.0,0.00036088675896162574
0,0.0,0.0003607345037243098
0,0.0,0.0003592004821178544
0,0.0,0.0003583637083538252
0,0.0,0.00035810088175969795
0,0.0,0.0003570247181429095
0,0.0,0.0003565393865631146
0,0.0,0.0003561952717530435
0,0.0,0.0003559763575465784
0,0.0,0.00035586624609938727
0,0.0,0.00035557222913971465
0,0.0,0.00035548192683450974
0,0.0,0.00035525896319247435
0,0.0,0.00035479083286740835
0,0.0,0.00035420243583581955
0,0.0,0.00035418033105340713
0,0.0,0.0003537417174720158
0,0.0,0.0003533973769675965
0,0.0,0.00035325246414036766
0,0.0,0.00035322431377706235
0,0.0,0.00035314328241885094
0,0.0,0.000353080682167376
0,0.0,0.0003530298612974542
0,0.0,0.00035286621828537173
0,0.0,0.00035269496018355937
0,0.0,0.00035146167034791044
0,0.0,0.00034970209801022317
0,0.0,0.0003493142032589133
0,0.0,0.0003492046876122857
0,0.0,0.0003480995651044796
0,0.0,0.0003462870062356089
0,0.0,0.0003457565049634418
0,0.0,0.00034548848255342004
0,0.0,0.00034400958134134577
0,0.0,0.0003436858034213611
0,0.0,0.0003427249457479629
0,0.0,0.00034240577736022724
0,0.0,0.00034240577736006743
0,0.0,0.000342357585636601
0,0.0,0.000342117984012298
0,0.0,0.0003411504849169865
0,0.0,0.00034085545416561835
0,0.0,0.0003406067812285167
0,0.0,0.0003405630447080498
0,0.0,0.00034053158079791354
0,0.0,0.00034045712479325365
0,0.0,0.00034032062854787886
0,0.0,0.0003399553978828879
0,0.0,0.0003391784487402803
0,0.0,0.00033849033403160673
0,0.0,0.00033780068273324805
0,0.0,0.00033694493713079976
0,0.0,0.0003368172725453844
0,0.0,0.00033483020794144937
0,0.0,0.00033469810484106923
0,0.0,0.000334605154573585
0,0.0,0.00033436133898648426
0,0.0,0.0003338946202699886
0,0.0,0.0003338727553716865
0,0.0,0.0003338420202243689
0,0.0,0.00033368695614602794
0,0.0,0.000333226411372757
0,0.0,0.0003328015280341705
0,0.0,0.00033241722339391534
0,0.0,0.00033176198738754875
0,0.0,0.00033141247340005695
0,0.0,0.00033074857136163776
0,0.0,0.0003306543083270536
0,0.0,0.00033031812693913863
0,0.0,0.00032967682018371846
0,0.0,0.0003295669551233922
0,0.0,0.0003286860181971372
0,0.0,0.0003286646585484936
0,0.0,0.0003278868135578524
0,0.0,0.0003276851954604598
0,0.0,0.0003274543430578551
0,0.0,0.00032716121113074296
0,0.0,0.00032630874548188427
0,0.0,0.00032622043735333275
0,0.0,0.0003259339247632597
0,0.0,0.00032573985869972647
0,0.0,0.0003248588912228028
0,0.0,0.0003240563668549215
0,0.0,0.0003233145809073441
0,0.0,0.0003228586998814814
0,0.0,0.000322763695858446
0,0.0,0.0003226654869978874
0,0.0,0.00032240895052577804
0,0.0,0.00032207143373448046
0,0.0,0.00032203038365124625
0,0.0,0.000321747121628373
0,0.0,0.0003213097436613337
0,0.0,0.0003210232194372208
0,0.0,0.00031983432755560104
0,0.0,0.00031817956026261167
0,0.0,0.0003179329667509688
0,0.0,0.00031784603469707675
0,0.0,0.00031727206565369565
0,0.0,0.0003163013925597565
0,0.0,0.0003154334219463275
0,0.0,0.00031477277233180387
0,0.0,0.00031337400579865577
0,0.0,0.00031336331277650683
0,0.0,0.000313163453738678
0,0.0,0.0003129460991208251
0,0.0,0.0003125321042571063
0,0.0,0.00031173667636263654
0,0.0,0.00031014475481694104
0,0.0,0.00030985435270790344
0,0.0,0.00030980052441095677
0,0.0,0.00030954633572306687
0,0.0,0.0003092796491242657
0,0.0,0.00030919247569065816
0,0.0,0.00030915694079043155
0,0.0,0.00030900308652987785
0,0.0,0.0003089523365716892
0,0.0,0.00030866758364125164
0,0.0,0.0003082362648833353
0,0.0,0.00030816032350627047
0,0.0,0.0003077801955872295
0,0.0,0.00030762718528917516
0,0.0,0.00030706450631001097
0,0.0,0.00030686195714134314
0,0.0,0.00030681129895570344
0,0.0,0.0003066592741884861
0,0.0,0.00030663107534083673
0,0.0,0.00030640543139303327
0,0.0,0.0003059361716977967
0,0.0,0.0003053047780583608
0,0.0,0.00030521063327288627
0,0.0,0.0003047807309371901
0,0.0,0.00030357015977094893
0,0.0,0.00030304102512400746
0,0.0,0.0003022093829899011
0,0.0,0.00030144168550671054
0,0.0,0.0003009799417652296
0,0.0,0.00030085775822465523
0,0.0,0.00030059703332666786
0,0.0,0.00029992813984164383
0,0.0,0.00029899020300224317
0,0.0,0.00029859304692423614
0,0.0,0.00029766698005939267
0,0.0,0.0002973745168697837
0,0.0,0.00029729198435107405
0,0.0,0.00029679291639707106
0,0.0,0.00029654925681695465
0,0.0,0.0002965126698773091
0,0.0,0.00029605309674247667
0,0.0,0.00029580559154931507
0,0.0,0.0002954554229535145
0,0.0,0.00029535018504351436
0,0.0,0.00029529755202445596
0,0.0,0.0002950558898166816
0,0.0,0.00029480303302628066
0,0.0,0.0002945346701331506
0,0.0,0.00029429573617580144
0,0.0,0.00029394293332617454
0,0.0,0.00029390258323616256
0,0.0,0.0002933271994151816
0,0.0,0.000292963022531559
0,0.0,0.00029285449302050045
0,0.0,0.0002926397231623176
0,0.0,0.0002918507739070918
0,0.0,0.00029170450284583886
0,0.0,0.00029140855361839104
0,0.0,0.000291139999000885
0,0.0,0.0002909813898424613
0,0.0,0.00029011083773489924
0,0.0,0.0002898544649525057
0,0.0,0.00028946916249942314
0,0.0,0.0002891972838233897
0,0.0,0.00028899725325470067
0,0.0,0.0002883864573101045
0,0.0,0.0002879874450331939
0,0.0,0.0002876159259611674
0,0.0,0.0002869103853122773
0,0.0,0.00028664343231962736
0,0.0,0.0002862082806798721
0,0.0,0.0002861660396041253
0,0.0,0.00028604187357749675
0,0.0,0.00028589609104644355
0,0.0,0.0002852922971494949
0,0.0,0.00028503367468818354
0,0.0,0.00028422048735946785
0,0.0,0.0002838289838653324
0,0.0,0.00028378643041354954
0,0.0,0.0002834209643104502
0,0.0,0.0002831460084455513
0,0.0,0.0002826342210390373
0,0.0,0.00028230099184634624
0,0.0,0.00028197487783024485
0,0.0,0.00028193668197399593
0,0.0,0.0002814404597966367
0,0.0,0.0002804488571269132
0,0.0,0.0002804136177445043
0,0.0,0.00027999864047968757
0,0.0,0.0002797320273165508
0,0.0,0.00027955993718308035
0,0.0,0.00027949199052523777
0,0.0,0.0002787766363862159
0,0.0,0.00027866189840487256
0,0.0,0.00027805725943692394
0,0.0,0.0002776058674844652
0,0.0,0.00027758578011277056
0,0.0,0.000277436406159746
0,0.0,0.00027738375026349805
0,0.0,0.0002772739549850709
0,0.0,0.00027713325492327866
0,0.0,0.00027710342300606074
0,0.0,0.00027687078598676935
0,0.0,0.00027641402648684126
0,0.0,0.000276385210760651
0,0.0,0.00027541191957978627
0,0.0,0.00027468079906063116
0,0.0,0.0002746362996814916
0,0.0,0.0002745791492699214
0,0.0,0.0002744817355903316
0,0.0,0.00027445983279519664
0,0.0,0.00027437526244170643
0,0.0,0.0002738892639918038
0,0.0,0.00027385285309336125
0,0.0,0.0002736055878266019
0,0.0,0.00027354668687185226
0,0.0,0.00027333781788887307
0,0.0,0.00027298046260100864
0,0.0,0.0002729778638671539
0,0.0,0.0002728069856884415
0,0.0,0.00027138085740721754
0,0.0,0.00027131760835095146
0,0.0,0.0002712163665402905
0,0.0,0.00027085480612344497
0,0.0,0.00027063319020349157
0,0.0,0.0002703546183764956
0,0.0,0.00026992326721878457
0,0.0,0.00026936582814237134
0,0.0,0.00026931459130472664
0,0.0,0.00026913361617835163
0,0.0,0.0002686123538477712
0,0.0,0.0002674249674077685
0,0.0,0.0002673855984445227
0,0.0,0.0002671214534774271
0,0.0,0.00026704065684693206
0,0.0,0.00026697891152564735
0,0.0,0.00026697608082338383
0,0.0,0.0002668885870369112
0,0.0,0.0002666299624356114
0,0.0,0.00026607322921118776
0,0.0,0.00026544948416545736
0,0.0,0.00026497799270204693
0,0.0,0.0002646462819225131
0,0.0,0.00026408189816383627
0,0.0,0.00026405938010690523
0,0.0,0.0002636086517368861
0,0.0,0.0002631381442954406
0,0.0,0.0002631306210728676
0,0.0,0.00026311979521191365
0,0.0,0.0002630704838028927
0,0.0,0.0002630445669342797
0,0.0,0.00026296472292151055
0,0.0,0.0002628266719515432
0,0.0,0.00026250572464725486
0,0.0,0.00026206838716534824
0,0.0,0.00026172653305232845
0,0.0,0.00026157037546938435
0,0.0,0.0002615450417370288
0,0.0,0.0002615321588353638
0,0.0,0.0002614010080221691
0,0.0,0.0002609568916855919
0,0.0,0.0002608056963680263
0,0.0,0.00026068137550850447
0,0.0,0.0002601685920821811
0,0.0,0.00026004710312295496
0,0.0,0.0002597509443282456
0,0.0,0.0002595156380745597
0,0.0,0.0002594745108066247
0,0.0,0.00025905077984031096
0,0.0,0.00025889501988661875
0,0.0,0.000258845108850209
0,0.0,0.000258340681784441
0,0.0,0.0002578239917633826
0,0.0,0.000257714675038356
0,0.0,0.00025735616418687946
0,0.0,0.00025699121435858615
0,0.0,0.00025628191240281006
0,0.0,0.00025622091468377857
0,0.0,0.00025616648907409996
0,0.0,0.00025540250079348145
0,0.0,0.0002552346798805335
0,0.0,0.0002551939752868219
0,0.0,0.0002542995393671891
0,0.0,0.0002542622672647392
0,0.0,0.00025409013059330375
0,0.0,0.00025381982887318647
0,0.0,0.00025314307739389164
0,0.0,0.000252870483497249
0,0.0,0.0002522364978832107
0,0.0,0.0002521464849011387
0,0.0,0.00025194932334354417
0,0.0,0.0002517902477802586
0,0.0,0.0002517608560512306
0,0.0,0.00025152741574982734
0,0.0,0.0002514888232406974
0,0.0,0.0002512084049333998
0,0.0,0.0002506703449078795
0,0.0,0.00025035795095798606
0,0.0,0.00025001338618152436
0,0.0,0.00024995745973454967
0,0.0,0.0002492004113209111
0,0.0,0.0002491609254510383
0,0.0,0.00024868200075444253
0,0.0,0.00024841539343223036
0,0.0,0.00024776894703761585
0,0.0,0.0002476546491255186
0,0.0,0.00024740583826396277
0,0.0,0.00024732655856352006
0,0.0,0.0002472014335520856
0,0.0,0.0002471453658496762
0,0.0,0.00024707397727459745
0,0.0,0.00024690632237319213
0,0.0,0.00024675660798477043
0,0.0,0.00024670256194432724
0,0.0,0.00024663897061400706
0,0.0,0.0002465283078790209
0,0.0,0.0002463302216176581
0,0.0,0.0002462488778007506
0,0.0,0.0002458047500221795
0,0.0,0.0002453468370370395
0,0.0,0.0002451689362543645
0,0.0,0.00024504382407304365
0,0.0,0.00024427111343562337
0,0.0,0.0002441433298970976
0,0.0,0.0002436200392591824
0,0.0,0.0002434094383700914
0,0.0,0.00024333623694096574
0,0.0,0.00024321607720747325
0,0.0,0.0002431544691721425
0,0.0,0.00024214164558029888
0,0.0,0.00024213872883174328
0,0.0,0.00024201982431812982
0,0.0,0.00024188682424320352
0,0.0,0.00024152973850026657
0,0.0,0.00024064632779009432
0,0.0,0.00023983971586224545
0,0.0,0.00023978518457341594
0,0.0,0.0002391813196267344
0,0.0,0.00023904935750943538
0,0.0,0.00023881014914683776
0,0.0,0.00023864334789598906
0,0.0,0.0002384626343414727
0,0.0,0.00023829399250787747
0,0.0,0.0002381093614356378
0,0.0,0.00023791788545584903
0,0.0,0.00023771760130029734
0,0.0,0.0002375003443962592
0,0.0,0.0002374965759074217
0,0.0,0.00023749533976517048
0,0.0,0.0002371205699650227
0,0.0,0.00023672171254202613
0,0.0,0.00023671094751058573
0,0.0,0.0002364554338159673
0,0.0,0.00023632588074822138
0,0.0,0.00023630288701040588
0,0.0,0.00023615783292080074
0,0.0,0.00023556139012849832
0,0.0,0.00023552243315178226
0,0.0,0.0002351249266521481
0,0.0,0.0002346450273545577
0,0.0,0.00023463057659178592
0,0.0,0.000234412279369651
0,0.0,0.0002340433824343567
0,0.0,0.00023367168828180397
0,0.0,0.00023312722751856157
0,0.0,0.0002329941812361559
0,0.0,0.00023271130910916977
0,0.0,0.00023245075383437184
0,0.0,0.00023239043512754344
0,0.0,0.0002308202561515066
0,0.0,0.00023050382596712872
0,0.0,0.00022970992491251808
0,0.0,0.0002295453065235709
0,0.0,0.0002285318591511466
0,0.0,0.00022817889852187412
0,0.0,0.00022817619187257354
0,0.0,0.00022758452249867404
0,0.0,0.00022751563055751424
0,0.0,0.00022742421083530022
0,0.0,0.0002273032050631298
0,0.0,0.00022714399383395086
0,0.0,0.00022655019704839112
0,0.0,0.00022652659003402485
0,0.0,0.00022638304462819977
0,0.0,0.0002262789135216272
0,0.0,0.00022576567632305009
0,0.0,0.00022572667829943126
0,0.0,0.00022486302660865363
0,0.0,0.00022425383764379132
0,0.0,0.0002241837092078883
0,0.0,0.0002240172319766226
0,0.0,0.00022401153529010072
0,0.0,0.00022342922095422646
0,0.0,0.00022307155890260723
0,0.0,0.00022287736605240666
0,0.0,0.00022234191028084823
0,0.0,0.00022207469046079195
0,0.0,0.00022181424832556698
0,0.0,0.00022158132343938144
0,0.0,0.00022108774615503532
0,0.0,0.00022092417412031775
0,0.0,0.00022084452243871576
0,0.0,0.00022071249086066453
0,0.0,0.000220267685471785
0,0.0,0.0002200125845900495
0,0.0,0.0002200100554608817
0,0.0,0.00021957861061202717
0,0.0,0.00021937740339971425
0,0.0,0.00021930593332023567
0,0.0,0.00021921905803645316
0,0.0,0.00021895630030230857
0,0.0,0.0002189464580490055
0,0.0,0.00021864308742415215
0,0.0,0.0002186014643807315
0,0.0,0.0002185603547915932
0,0.0,0.00021842610802232058
0,0.0,0.00021828131111693746
0,0.0,0.00021820456082946745
0,0.0,0.00021757921947693188
0,0.0,0.00021755439810353902
0,0.0,0.0002174813930193616
0,0.0,0.00021725108341117362
0,0.0,0.00021705580224084113
0,0.0,0.00021700646288559203
0,0.0,0.00021637683003205345
0,0.0,0.00021594295670766494
0,0.0,0.00021562880614160615
0,0.0,0.00021551063804239762
0,0.0,0.00021524061898974716
0,0.0,0.0002148202229489638
0,0.0,0.0002147769019069333
0,0.0,0.00021429686997621379
0,0.0,0.00021429064726905482
0,0.0,0.0002142616116687401
0,0.0,0.000214024164247853
0,0.0,0.0002139475576368001
0,0.0,0.00021377737552062884
0,0.0,0.00021368552727318936
0,0.0,0.00021365068582252785
0,0.0,0.00021333157590161956
0,0.0,0.00021332180696318902
0,0.0,0.00021284399552091838
0,0.0,0.00021262505769977918
0,0.0,0.00021242676590007206
0,0.0,0.00021240664480290025
0,0.0,0.00021200423209018926
0,0.0,0.0002119499478014822
0,0.0,0.00021189890279164496
0,0.0,0.0002117285900932993
0,0.0,0.0002115849538843727
0,0.0,0.0002104207079696181
0,0.0,0.00020995790822088338
0,0.0,0.00020992521539842335
0,0.0,0.0002098048190793463
0,0.0,0.0002093533661868834
0,0.0,0.00020913068925857879
0,0.0,0.00020884411866901363
0,0.0,0.00020872226802397405
0,0.0,0.00020841657423458448
0,0.0,0.0002080478282433242
0,0.0,0.00020762373765346952
0,0.0,0.00020732719831900425
0,0.0,0.00020726574485356765
0,0.0,0.00020679731086998624
0,0.0,0.00020674525481153484
0,0.0,0.00020670993402937022
0,0.0,0.00020667483619168678
0,0.0,0.000206590243616833
0,0.0,0.00020655810886444404
0,0.0,0.00020653368294064458
0,0.0,0.00020652397225962162
0,0.0,0.0002064839829994524
0,0.0,0.0002063628885608114
0,0.0,0.00020613287409265653
0,0.0,0.00020577235521019658
0,0.0,0.000205754695203011
0,0.0,0.00020508116392684117
0,0.0,0.00020489340999297156
0,0.0,0.00020488060660198308
0,0.0,0.00020474033308717638
0,0.0,0.00020426719023541252
0,0.0,0.0002041662376833256
0,0.0,0.00020377753302167404
0,0.0,0.00020359841364597236
0,0.0,0.00020344584830892198
0,0.0,0.00020312259705651783
0,0.0,0.0002023460876641621
0,0.0,0.00020166679994655103
0,0.0,0.00020144145048330792
0,0.0,0.00020107028523433636
0,0.0,0.00020102732315129644
0,0.0,0.0002010160459847225
0,0.0,0.00020067551295384914
0,0.0,0.00020053992768578034
0,0.0,0.00019947616322082826
0,0.0,0.00019886865025406876
0,0.0,0.00019760806536932906
0,0.0,0.00019760195806458954
0,0.0,0.00019752934585260675
0,0.0,0.00019688642638450318
0,0.0,0.000196364944234177
0,0.0,0.0001960996252650183
0,0.0,0.00019608859029876318
0,0.0,0.00019530601769807425
0,0.0,0.00019466278554334688
0,0.0,0.0001946627855430524
0,0.0,0.000194318373770389
0,0.0,0.00019415677842125556
0,0.0,0.00019404801546895578
0,0.0,0.0001939735584059624
0,0.0,0.00019372482937180283
0,0.0,0.00019368946551694716
0,0.0,0.0001935189944578684
0,0.0,0.00019351899445785875
0,0.0,0.00019336393677322504
0,0.0,0.0001932824689218204
0,0.0,0.00019318352321108842
0,0.0,0.0001931469902767736
0,0.0,0.00019307090403117822
0,0.0,0.00019290560673277882
0,0.0,0.000191775132999306
0,0.0,0.00019171650408605353
0,0.0,0.00019152727634773542
0,0.0,0.00019133013476988286
0,0.0,0.00019098852411226643
0,0.0,0.00019070702728360536
0,0.0,0.00018944616004186872
0,0.0,0.0001893839037033471
0,0.0,0.00018924791134573333
0,0.0,0.0001889500662894342
0,0.0,0.00018834441120518574
0,0.0,0.00018803329332964645
0,0.0,0.0001878913977116107
0,0.0,0.00018762524668056272
0,0.0,0.0001875929994151447
0,0.0,0.00018655169151318606
0,0.0,0.00018648102888546399
0,0.0,0.00018597638983273757
0,0.0,0.00018562637122421932
0,0.0,0.00018505184901651493
0,0.0,0.00018469891673585223
0,0.0,0.00018433317133740527
0,0.0,0.0001841865747874968
0,0.0,0.00018408549556116508
0,0.0,0.00018400502798699
0,0.0,0.0001839282438454652
0,0.0,0.0001829334451996149
0,0.0,0.00018266178016853682
0,0.0,0.00018186317529863725
0,0.0,0.0001816745938212964
0,0.0,0.00018039080570059148
0,0.0,0.00018006759666925422
0,0.0,0.0001799478563003448
0,0.0,0.00017889218757714137
0,0.0,0.00017830219078996946
0,0.0,0.00017829707873212252
0,0.0,0.0001772781847529459
0,0.0,0.00017697601524817506
0,0.0,0.00017666896726903288
0,0.0,0.00017649282287629864
0,0.0,0.00017622761938628406
0,0.0,0.00017608980028838763
0,0.0,0.00017579825540860736
0,0.0,0.00017578693995540636
0,0.0,0.00017556453779411858
0,0.0,0.00017529615872605674
0,0.0,0.00017503220653156324
0,0.0,0.00017433082611653417
0,0.0,0.00017429436582430764
0,0.0,0.00017416273589175447
0,0.0,0.000172771284065866
0,0.0,0.00017202748968768704
0,0.0,0.00017161526901009143
0,0.0,0.00017096659139106743
0,0.0,0.00017041804564740917
0,0.0,0.00017023340930499815
0,0.0,0.00017014056696308566
0,0.0,0.00016930540233294465
0,0.0,0.00016828778815373638
0,0.0,0.00016800807630214798
0,0.0,0.0001675195740258317
0,0.0,0.00016741984804630934
0,0.0,0.00016727520196880573
0,0.0,0.00016696914592335304
0,0.0,0.00016659080007537538
0,0.0,0.000166093354099411
0,0.0,0.000165712405537939
0,0.0,0.0001651765275280522
0,0.0,0.0001647677297155662
0,0.0,0.0001640211221349505
0,0.0,0.00016220272519133332
0,0.0,0.00016217852929429274
0,0.0,0.00016121853379622432
0,0.0,0.0001611141959805668
0,0.0,0.00016101675769162552
0,0.0,0.00016053613510975799
0,0.0,0.00016039089868213942
0,0.0,0.000160009909934723
0,0.0,0.00015983082718208804
0,0.0,0.0001595055343552299
0,0.0,0.00015937297386212613
0,0.0,0.00015886771241470246
0,0.0,0.000158799620313663
0,0.0,0.00015844195000272937
0,0.0,0.00015813626950899899
0,0.0,0.00015781021014517576
0,0.0,0.00015754142010117968
0,0.0,0.00015718432581043534
0,0.0,0.00015704593250145683
0,0.0,0.0001566458338286295
0,0.0,0.00015545236420064047
0,0.0,0.00015540564776434453
0,0.0,0.00015530470222088378
0,0.0,0.00015521823339807248
0,0.0,0.00015388451182603188
0,0.0,0.00015384873408358309
0,0.0,0.00015381944592909947
0,0.0,0.0001535781180067568
0,0.0,0.00015316582701316848
0,0.0,0.0001529237491960076
0,0.0,0.00015257516259133857
0,0.0,0.00015252451563689206
0,0.0,0.0001521997832220437
0,0.0,0.00015191856458996516
0,0.0,0.00015124601014176745
0,0.0,0.0001507671430041368
0,0.0,0.00015071000272347832
0,0.0,0.0001497826418360461
0,0.0,0.0001495057688675454
0,0.0,0.00014947027735778007
0,0.0,0.00014904813562798583
0,0.0,0.00014894313516721223
0,0.0,0.0001486850909600481
0,0.0,0.0001486222122021473
0,0.0,0.0001472138633288598
0,0.0,0.0001471286804551772
0,0.0,0.00014679575339856903
0,0.0,0.00014538224804660395
0,0.0,0.00014410819852508339
0,0.0,0.00014334647328260157
0,0.0,0.00014326803137321785
0,0.0,0.00014318878387620994
0,0.0,0.00014234351773009536
0,0.0,0.0001414358077527309
0,0.0,0.0001408768255445084
0,0.0,0.00014041730053059232
0,0.0,0.0001402511932835449
0,0.0,0.0001390491495853316
0,0.0,0.00013873731111595027
0,0.0,0.00013751257143716688
0,0.0,0.00013744762633928446
0,0.0,0.00013717345237252546
0,0.0,0.00013713151863828135
0,0.0,0.00013632519444510037
0,0.0,0.0001362909546026126
0,0.0,0.000136118308562285
0,0.0,0.00013424824450714487
0,0.0,0.00013420928459052935
0,0.0,0.00013413165894985628
0,0.0,0.0001330510412826047
0,0.0,0.0001328424649889401
0,0.0,0.0001321749129086859
0,0.0,0.00013135727768665435
0,0.0,0.00013099208302124908
0,0.0,0.00013096262614648767
0,0.0,0.0001308965711842422
0,0.0,0.00013061213606690232
0,0.0,0.00012957276442374801
0,0.0,0.00012924831645186568
0,0.0,0.0001290531756634144
0,0.0,0.00012878530293552112
0,0.0,0.00012835150470873275
0,0.0,0.00012821488231764403
0,0.0,0.0001275866146864286
0,0.0,0.00012731599644193878
0,0.0,0.00012709197048654228
0,0.0,0.0001265750629158674
0,0.0,0.00012494204440834707
0,0.0,0.00012410080402891306
0,0.0,0.0001226992912233437
0,0.0,0.00012126802444839733
0,0.0,0.00011945359402579833
0,0.0,0.00011925756530677437
0,0.0,0.00011923202201300616
0,0.0,0.00011661940256900778
0,0.0,0.00011401893067014682
0,0.0,0.00011399369693456197
0,0.0,0.00011268476763256627
0,0.0,0.00011265953300458843
0,0.0,0.00010875350773375105
0,0.0,0.00010874069650963934
0,0.0,0.00010839382349123648
0,0.0,0.00010695458791554991
0,0.0,0.00010674176165954893
0,0.0,0.00010343229947971911
0,0.0,0.00010226314899213091
0,0.0,0.0001014901738205803
0,0.0,0.00010037685164949317
0,0.0,9.923393355202059e-05
0,0.0,9.59115785564169e-05
0,0.0,9.441550877406592e-05
0,0.0,9.371498718485807e-05
0,0.0,9.322051125205232e-05
0,0.0,9.276813940725632e-05
0,0.0,9.084494485920043e-05
0,0.0,8.7839324816319e-05
0,0.0,8.640945642198943e-05
0,0.0,8.473355800472811e-05
0,0.0,8.167415535556594e-05
0,0.0,7.628758129568964e-05
0,0.0,7.43542293174011e-05
0,0.0,7.317699658109424e-05
0,0.0,7.019899260147727e-05
0,0.0,6.912516892435057e-05
0,0.0,6.608262333233617e-05
0,0.0,6.133185483772872e-05
0,0.0,5.9269388520141275e-05
0,0.0,5.792013836932263e-05
0,0.0,5.658639493038323e-05
0,0.0,5.361759727025201e-05
0,0.0,5.19262461205277e-05
0,0.0,5.107088691317667e-05
0,0.0,4.850688948433869e-05
0,0.0,4.6694924643351954e-05
0,0.0,4.531514046136801e-05
0,0.0,4.184070016027065e-05
0,0.0,3.770955351893659e-05
0,0.0,3.6962394268493195e-05
0,0.0,3.457868868818207e-05
