dimension,birth,death
2,0.002878015275805962,0.003039068775483708
2,0.001196106158873723,0.0013271903861629595
2,0.000622010400990783,0.0007512683618366812
2,0.0010251647743493326,0.0011389082382653505
2,0.0010376875973396012,0.001147355657402063
2,0.0037016826910080698,0.0038026157635900745
2,0.0008953007299353667,0.0009902964270160678
2,0.0038060665642032005,0.003895831377487801
2,0.0009979195793037203,0.001087363536080664
2,0.0010380672299469343,0.001123819042677702
2,0.0008020338999439731,0.0008853782552427715
2,0.003927040143889284,0.004010054100024422
2,0.0008351151152324976,0.0009154541060530528
2,0.002981705980051032,0.003061885294261682
2,0.0009964952526226739,0.0010748813455285886
2,0.0005246080362451296,0.0005965157971081944
2,0.0009390612164690624,0.001009722637707914
2,0.001327829461799016,0.0013966665066230842
2,0.0005658723752454363,0.0006345592781546143
2,0.00110207722873512,0.001168688327033928
2,0.00045097061114576586,0.0005149009972881669
2,0.002970621226459407,0.003033727718327845
2,0.0005758927898136174,0.0006349759929374221
2,0.0010743419289871259,0.0011327122145931166
2,0.0009739133482261733,0.0010322218925404383
2,0.0028915764642247943,0.0029491173502956473
2,0.00040843352272446764,0.0004638124874643472
2,0.0009506890974904478,0.0010057709602783072
2,0.0007701670490880595,0.0008248310123093737
2,0.0010535553970636526,0.001107944015779441
2,0.0004129012205192011,0.00046696008016115987
2,0.0009927349733992465,0.0010460419912247131
2,0.0029169150559769557,0.0029695269291839564
2,0.0006106542419386534,0.0006619159153699558
2,0.00041830291022290384,0.00046943237523040126
2,0.0007938992944244159,0.0008441933951373836
2,0.0004948024901137052,0.0005450798944536328
2,0.0005065643021549055,0.0005558489818554396
2,0.0008971734385386204,0.0009460741529489227
2,0.0032416180786885756,0.0032904908239437198
2,0.0007614692209628679,0.0008099911997906312
2,0.0008797919646150993,0.0009280989199795458
2,0.0008078227021715821,0.0008543291111038133
2,0.0009510267610291259,0.000996555896633221
2,0.001162065883359909,0.0012074334506060116
2,0.0008268078197984667,0.0008695412734221378
2,0.0009758953443627654,0.0010184877155545709
2,0.0008018851289843836,0.0008424386249247859
2,0.0004763355347544709,0.0005162229969399303
2,0.0004127788156388717,0.00045263657506117893
2,0.0005866072491004095,0.0006261064569106738
2,0.000989392213483286,0.001028669459409104
2,0.0007520550284458588,0.0007905902319895168
2,0.0007713328427153941,0.0008090726251537859
2,0.0005594150371568551,0.0005955359169134318
2,0.0004337841900093748,0.00046943237523040126
2,0.0009958356821373603,0.0010305558428498128
2,0.0003683566590970739,0.0004026217958155427
2,0.0006043772865374823,0.0006384379378594512
2,0.0005389138710618121,0.0005728470040488512
2,0.0012672621466249985,0.0013011757427632237
2,0.0009480459510109797,0.0009818253567706768
2,0.00045875962192740193,0.0004922095561548079
2,0.0007070980707838676,0.0007401317618675506
2,0.0003764169995821055,0.0004082993382896253
2,0.0008412573653210185,0.0008727915115584124
2,0.0005601646739348712,0.0005914074815854889
2,0.00048602563581684347,0.000516997591691784
2,0.0009309365152671387,0.0009609717862672263
2,0.0010607624419172665,0.0010896299559552086
2,0.0006125976412783175,0.0006411554514703333
2,0.0006102941064737097,0.0006380756670513386
2,0.0004740388982195381,0.0005013997801805345
2,0.0005329185814585655,0.0005599272463999128
2,0.00047343007921156157,0.0005002453461279112
2,0.0003760819398298383,0.0004026217958155427
2,0.00047148166880594774,0.0004980004204417449
2,0.0004417879340770775,0.00046781525887870445
2,0.000497867694096523,0.0005238343603709958
2,0.00040399437410069033,0.00042992035677118435
2,0.0007338657697688346,0.0007596217971413611
2,0.0007246660673710317,0.0007503113693222872
2,0.0007172479561155241,0.0007424813275379429
2,0.003774140188494287,0.0037993089172482074
2,0.0009211585450694458,0.0009460570467283686
2,0.0009456882098037409,0.0009704057621871369
2,0.0007678261234718076,0.0007923682939080176
2,0.00046802067189934837,0.0004923624047967119
2,0.0004161388489079101,0.00043953178323659885
2,0.0004514178057061343,0.00047461963077048973
2,0.0009002078093928121,0.0009233725081824528
2,0.00046806119490683224,0.0004912245887895901
2,0.0004278835456964668,0.00045052862599897754
2,0.00041830824362963523,0.00044085065263657706
2,0.0005899584315524148,0.0006123824037046052
2,0.0009701698656875242,0.0009920695982788127
2,0.0005722488325757789,0.0005937286605331252
2,0.001103703338979182,0.001125172823235757
2,0.0006317880246180436,0.0006530198328461092
2,0.0004554835570389239,0.0004764304838644998
2,0.0011277849979863775,0.0011485243640234953
2,0.00047996707337332226,0.0005006747106145041
2,0.0004765677849373015,0.0004971702212325166
2,0.0006132488063949742,0.0006335946882742987
2,0.0005653863331367743,0.0005854440790076401
2,0.0006128876698001528,0.0006328898519443849
2,0.0008397965072767758,0.0008597951146963148
2,0.0008304043775681845,0.000850171942306586
2,0.000581236619999816,0.0006009273630402131
2,0.000564293910670954,0.0005839463625216283
2,0.0005316671765716302,0.0005512659464067004
2,0.0005377751948767828,0.0005567995046685478
2,0.00071383190755141,0.0007328322133635663
2,0.0004862530399795141,0.0005050970444121423
2,0.0005540807293244438,0.0005727603574765249
2,0.0009640461805587455,0.0009824112198844007
2,0.0005348810316022333,0.000552916566893403
2,0.001463011106830047,0.00148095362920801
2,0.0010446549437582609,0.0010616316344934738
2,0.000526023882633015,0.0005425072924610749
2,0.0008241823170894429,0.0008405278880477333
2,0.0008491890189226963,0.0008653806493395042
2,0.00047093140752104616,0.000487085221192797
2,0.0005894335106979672,0.0006049574629224973
2,0.00039984687429939626,0.0004143831765689032
2,0.0003500546794455027,0.0003642778231616897
2,0.0004306329592116643,0.00044403494531523397
2,0.00042968668614093945,0.0004427959091170741
2,0.0008703075644189714,0.0008832590449349454
2,0.001008051692947589,0.0010209793917857132
2,0.0011796786109293323,0.0011922411933540944
2,0.0009522164911815414,0.0009646144236941346
2,0.001061935491294335,0.0010741142809735464
2,0.0007360347915276777,0.0007481946311619194
2,0.0008998529284757407,0.0009117056487453371
2,0.00035595851107235877,0.0003677717666754223
2,0.00041260325820708407,0.00042439482061914927
2,0.0004271523346279421,0.0004387603105957747
2,0.00041407436279142365,0.0004255927982735575
2,0.0005457554258702219,0.0005572444993487133
2,0.0007137971009038645,0.0007250919592945978
2,0.000939903829981697,0.000950578758366216
2,0.0004553826263088744,0.0004654990380327168
2,0.0003500546794455027,0.0003600141249789212
2,0.0008698806810933311,0.0008798350041363333
2,0.0004198479510256727,0.0004296989896585186
2,0.0009582272778610374,0.0009678219235511825
2,0.00044773467655505615,0.00045711699890277596
2,0.00046697381695915807,0.0004760815649453705
2,0.0008854763533251901,0.0008945095785538188
2,0.0004984642154451392,0.0005074902365989534
2,0.0006301968400318763,0.000639038655324602
2,0.0003688086638329283,0.00037764987215630955
2,0.00043307220272553927,0.0004417879340771081
2,0.0005497911636044516,0.0005577950927908464
2,0.0005211187609395366,0.0005289186681163103
2,0.0004927150048791676,0.000500398471524603
2,0.0011050264535146974,0.0011125826334726018
2,0.000433994162114251,0.0004415442850107674
2,0.0012836504315314598,0.001290921270715953
2,0.0005249055506642062,0.0005321217886050571
2,0.0004156605070869791,0.00042238045882810293
2,0.0004763102503143008,0.00048296152101150365
2,0.0006249301035393291,0.0006315809885985079
2,0.0005500103621912929,0.0005563742153757882
2,0.00040513396402955373,0.00041143876164390254
2,0.0009351624042858362,0.0009414418055153794
2,0.0010704420504591367,0.0010766921452766312
2,0.0008039796286596475,0.0008101211293161513
2,0.001030538881340751,0.0010365453333146372
2,0.0005658551384110364,0.0005717090145810398
2,0.0005094703506754874,0.0005152265794193236
2,0.0007451989138624826,0.0007506825758053623
2,0.001302656213911731,0.001308133716240978
2,0.0004704453493666031,0.000475717619315254
2,0.0005347435371145702,0.000539866294267976
2,0.0005200976991446488,0.0005247902286228778
2,0.0006104585785681541,0.0006151310712678291
2,0.0009737084080223534,0.0009783616467945184
2,0.0007614770936643847,0.0007659555233067279
2,0.0005383531688842875,0.0005426810437025686
2,0.0007725570379827403,0.0007768763841710723
2,0.0010272702683698847,0.00103155702973795
2,0.0010570603442060659,0.0010609662122716018
2,0.000535948573089201,0.0005397971359362085
2,0.0012962350089222349,0.0013000728619940553
2,0.0004025498776692568,0.00040638012453576253
2,0.0008765249425026592,0.0008803528105797142
2,0.000987914544091657,0.0009917129816045893
2,0.0007874175195835237,0.00079115953096611
2,0.0004832041858537332,0.00048678599045749726
2,0.0004661541446400936,0.00046972625928945813
2,0.0006168081317738998,0.0006203144592913455
2,0.0005725343203122812,0.0005758125968274056
2,0.00045237810454985214,0.0004555171956458375
2,0.0003688086638329283,0.00037161237815028887
2,0.0007266386199388596,0.0007294048464453379
2,0.0005466346935561805,0.000549320458523281
2,0.0004472970484658111,0.0004498216647769328
2,0.0004800402775560804,0.00048247867455066353
2,0.00047878327117006317,0.0004809566643463107
2,0.000782435851643312,0.0007845849443234506
2,0.0007837457322545642,0.0007858381987045773
2,0.0008893202897237943,0.0008912497769490926
2,0.000646309914313215,0.0006479932937458054
2,0.0004495058086745553,0.0004511406283470438
2,0.0007573136519669481,0.0007589234203278733
2,0.0006875318090566092,0.0006890025623466987
2,0.0003555117735255237,0.000356940667723515
2,0.00044561929822444234,0.0004465222764517604
2,0.0004911692539208336,0.000491954547253104
2,0.001980051337745729,0.001980670311740465
2,0.0009965856394029819,0.000997199378411218
2,0.0003640413683719138,0.0003644614970384813
2,0.0008168737824651239,0.0008171360152332528
1,0.029545480299383257,0.04509002506161974
1,0.016532020039999,0.021996428970663125
1,0.013333882873533348,0.01804598138202666
1,0.027661729470100677,0.031948595900127136
1,0.0188608970453298,0.02292240840307274
1,0.024931382495875558,0.028276262908686997
1,0.01907212007227572,0.02236235722400645
1,0.018731596501712508,0.021391424974721653
1,0.016343302163106917,0.018875897321667185
1,0.026772663929273216,0.029301459384528987
1,0.01566870345537559,0.017748198359664232
1,0.011181464755827326,0.012772968338419908
1,0.005181923157899554,0.006480134205814576
1,0.017986116110943473,0.019257441941360788
1,0.025395235530288645,0.026498109783042824
1,0.005698116424418579,0.006702070439711512
1,0.023911749151026604,0.02482991943297317
1,0.019635092080554164,0.020435268188346477
1,0.004000351490050479,0.004778722673684384
1,0.002517151368800023,0.0032752595293179527
1,0.0018141988978764055,0.002572101374414664
1,0.005264414274533233,0.005933725496387599
1,0.0012865499577150857,0.0018942685087015286
1,0.0014590624907539554,0.0020527648076665932
1,0.0013066538100285584,0.0018795155997666966
1,0.002222923042215829,0.00275763535507697
1,0.014119968140051144,0.014627630125278127
1,0.011969390360751226,0.012461897021494157
1,0.0031566911058225613,0.0036263879610834143
1,0.004117721886787929,0.004584881413222671
1,0.0010040653849428035,0.0014249762175428415
1,0.012167291598246562,0.012579935026578445
1,0.0005291128118476183,0.000921228917385696
1,0.008323342585341132,0.008703704318337361
1,0.0031807194617276017,0.003546590161081687
1,0.0024453680216877088,0.002809602771245929
1,0.0011021471543147534,0.0014633729088033096
1,0.0021323933316340854,0.002489142922148488
1,0.0006880063302513416,0.0010427880996487545
1,0.006235708303931947,0.006590474419483208
1,0.0007185304676628986,0.0010725833860143288
1,0.0022438782165083134,0.002589735509264023
1,0.007205998992094207,0.0075508415520861615
1,0.0005917874057161089,0.0009235242336701609
1,0.0007860013801937041,0.0011165320385869196
1,0.0007116045340993336,0.0010246461840286492
1,0.0009401069928953054,0.0012491296430228679
1,0.0024726997442821924,0.0027755478309509757
1,0.0005114639693109272,0.0008025382257281171
1,0.0005016845992022121,0.0007890941037653089
1,0.0007216847539684043,0.001006055926968308
1,0.000566935986543912,0.0008498460567211645
1,0.0003612663731788784,0.0006422852477680576
1,0.026794270114801153,0.027067921939277668
1,0.0006629921240381107,0.0009322258258538555
1,0.0005478894228454481,0.0008129632898380189
1,0.00041363063232318655,0.000676595393748288
1,0.0006979018788433343,0.0009590183941047141
1,0.003044398884940265,0.0033002397900310293
1,0.0009098761121740212,0.0011648770314619274
1,0.0007625717369382719,0.001014573164751568
1,0.000659839060291571,0.0009081859948127056
1,0.0005451365467316039,0.0007902261013351465
1,0.003168070287939498,0.003409354704497901
1,0.0004633419425892638,0.0007036624633378623
1,0.005833162966524999,0.00607197188460659
1,0.0007496615599134097,0.0009880663773807836
1,0.0008722831007293195,0.0011067687008878278
1,0.0007393898602531604,0.0009736396143101536
1,0.0006334438672108409,0.0008633777591485769
1,0.0004480462476959372,0.0006753175049090752
1,0.0010193813048746136,0.0012453789681320208
1,0.0008473835905836981,0.0010704991072127477
1,0.0034851902027011284,0.0037068122549927395
1,0.0005363061364348548,0.0007568565211691177
1,0.001083946560739318,0.0013034295316106176
1,0.0005199678107045191,0.0007381212220619395
1,0.0006976348419281919,0.00091525673747955
1,0.0005118848337359253,0.0007283431688071851
1,0.0007030804601623665,0.0009193135300624368
1,0.0004151447533565499,0.0006308050610843775
1,0.0005778763997672658,0.0007906097418972203
1,0.000514125156551411,0.0007266386199388596
1,0.0008562037029118706,0.001061874815143033
1,0.003485182164666841,0.003688887586875966
1,0.0012459708878899867,0.0014495605278468712
1,0.0007239407686331391,0.0009247053376026486
1,0.0067049640519478,0.006903417714531344
1,0.0004915941027938082,0.0006897356189390863
1,0.0007719757541287399,0.0009688450684394982
1,0.0026803108339601826,0.0028751484634710763
1,0.0004677014119568101,0.0006619384898577988
1,0.0007150554560489252,0.0009091784925656578
1,0.0006060832460987473,0.0007986226594631717
1,0.0002723355901238754,0.0004647242715836493
1,0.0008794495359192122,0.001070499821631308
1,0.0007453181343637244,0.0009363388488454227
1,0.0005994456087409478,0.0007889703944655761
1,0.0006089217685633091,0.0007953424872025714
1,0.0004606983639082504,0.0006463559923613753
1,0.002670783021749925,0.0028557517385306686
1,0.0008839467526475616,0.0010688305717405215
1,0.0006407325595281527,0.0008252446140829149
1,0.0008902245283888544,0.0010743644448812139
1,0.0005713343229755906,0.0007553056448730094
1,0.0005803002656930271,0.0007639388850090494
1,0.0025303753801978134,0.002710154654082248
1,0.0010652035514809748,0.0012438705668533047
1,0.0005545475826678462,0.0007331887461923045
1,0.010546551702457194,0.010723942159992212
1,0.00044652744257963424,0.0006238859066410538
1,0.0026965110172117476,0.002873749228680493
1,0.0006014207881826502,0.0007780719471809155
1,0.0005242578695341674,0.0007004223640980193
1,0.0007186473233354695,0.000894611203125959
1,0.00504895267988244,0.005224884081314341
1,0.0006411281605913056,0.0008161589323624675
1,0.0007602656768027339,0.0009349307095474426
1,0.0007725010168340596,0.0009466145266215941
1,0.0007167277291535213,0.0008902317064680549
1,0.0008726163091877761,0.0010460667197642805
1,0.000582738709751693,0.0007555453785279557
1,0.0008442483957236766,0.0010167208219316634
1,0.0003868492513528158,0.0005578754277437193
1,0.0005647798510575192,0.0007354113523363543
1,0.004031127256867659,0.00420121135607102
1,0.0005223277564726834,0.0006906756195224078
1,0.0008387355434304462,0.0010068856455042283
1,0.0005154664911329307,0.000682470322356427
1,0.0005966795383890881,0.0007629084999748696
1,0.0005138538555776686,0.0006797989405588739
1,0.0018152070102089677,0.0019810502594582937
1,0.0009784862644890355,0.001142369751465276
1,0.0007257758169757765,0.0008896125061897841
1,0.0009740957442003384,0.0011377482349628197
1,0.0004326656570868063,0.0005953484681617223
1,0.0013554281217111012,0.001518053141203794
1,0.0007208585510945639,0.0008825037335109296
1,0.00046975825682152186,0.0006289829394021055
1,0.006729610368795008,0.0068886900228689665
1,0.00041611993983122994,0.0005742617082596834
1,0.0007485396286238634,0.0009066614841433314
1,0.0003735318486051956,0.0005312717607285516
1,0.0010463721801994756,0.001203653401702563
1,0.0003996657893604316,0.0005564535311600076
1,0.0005815944401123303,0.000738267678395693
1,0.00252141498156006,0.0026773956207148657
1,0.0004194944586905343,0.0005754562226850454
1,0.0004118488671569084,0.0005674223021704595
1,0.0008169613698653654,0.0009722444212434457
1,0.0003129060137937785,0.00046806119490683224
1,0.0008256397143836543,0.0009765528088551967
1,0.0012762948149753243,0.0014268469305312684
1,0.000436060403803533,0.0005865280153253143
1,0.0006423745993827475,0.0007927476255486257
1,0.0006226078656934397,0.0007728577725647749
1,0.0008573125414257894,0.0010073283943273698
1,0.0007191554549154462,0.0008690957523329239
1,0.0003841556600218332,0.0005340490930438891
1,0.0027621202931999724,0.0029116886255556307
1,0.000842695954363341,0.0009916690565101994
1,0.0007392628437762301,0.0008881905066484032
1,0.0012793840707915245,0.0014282054227243988
1,0.001150166933651078,0.0012986958705692323
1,0.0006438199801928392,0.0007918481755198162
1,0.0006367008922304359,0.0007823253286836554
1,0.001767042971823191,0.0019124499931659244
1,0.0007572760315448461,0.00090228125669382
1,0.0020572448898380524,0.0022019161919237624
1,0.000552554181663877,0.0006969697369208565
1,0.0003402710181775448,0.0004832785467157357
1,0.0005806457062733304,0.0007233044316386332
1,0.0010299296958011833,0.0011725640871969594
1,0.0006421975304931489,0.0007846557218395434
1,0.0012195466280856206,0.0013618668102049268
1,0.0005461232157749095,0.0006877386582155117
1,0.0038777692780643546,0.004019155146001884
1,0.0004124860273629979,0.0005538656847361829
1,0.0007749841644106701,0.0009154146676028336
1,0.000556175845863386,0.0006956030030954843
1,0.0005141550571098184,0.0006524655034887109
1,0.0006835387922319706,0.0008210695784547289
1,0.0004335334275014728,0.0005702649028021724
1,0.0015723469571232804,0.0017073702843825153
1,0.0008375401355915014,0.0009724185996069108
1,0.00040258360183981006,0.0005362654307794389
1,0.00031405288258365394,0.00044644650298881496
1,0.001307522317897021,0.0014394298132225484
1,0.0027173674857978985,0.002849034264301877
1,0.0004104180599955906,0.0005420057292328429
1,0.0005119495397726456,0.000643451563538603
1,0.0006701388056973101,0.0008007620130817519
1,0.0005672831971434042,0.0006973442211882844
1,0.0004182751565885056,0.0005481833968978455
1,0.0007545897296980978,0.0008844128043625159
1,0.0005845291699058857,0.0007141674705569716
1,0.0007470973480353557,0.0008765646882540993
1,0.0006327773300261823,0.0007605643437068282
1,0.0007086306081343185,0.0008359686800375133
1,0.00032232877288253465,0.0004494375621381453
1,0.0009977202024311874,0.0011247752747397376
1,0.0006018635435869993,0.0007278639644407801
1,0.0003850918935404058,0.0005109206534310813
1,0.0007917318407497516,0.0009169354559631021
1,0.00042009869997972836,0.0005451252772627558
1,0.000977675947201899,0.001102676310899106
1,0.0002663294478121908,0.0003898832902361655
1,0.0005015414268444732,0.0006247791464312514
1,0.000622159820955387,0.0007448483860333085
1,0.001170295622918089,0.0012928076596653954
1,0.0008463296909988583,0.0009688157486174001
1,0.0029928489222114784,0.003115299305432751
1,0.0009619125072999752,0.0010839630331127188
1,0.003388187787751633,0.003510060658432996
1,0.00026837633566191067,0.0003902483643656161
1,0.0008321632063937051,0.0009530653679203951
1,0.00040837131804745793,0.0005285738278866411
1,0.0004035373667438786,0.0005234673821912137
1,0.002949881898994418,0.003069643457639153
1,0.0003538571510956846,0.0004735005168946119
1,0.0006047601852447827,0.0007243498402846876
1,0.0007203634205264073,0.0008397045566866393
1,0.00044324701591595033,0.0005620373430967228
1,0.00046897576057003225,0.000586946925638436
1,0.0004081453864573525,0.0005259205183405492
1,0.0007547197839963605,0.0008719210783731578
1,0.000881327042495695,0.000998298385722131
1,0.0004318247678191975,0.0005477229062549982
1,0.000325232289846784,0.0004406792515747742
1,0.00036980252446899267,0.000484999096900187
1,0.0010710812507236061,0.0011860381676332627
1,0.0008542428261670381,0.0009691531239380562
1,0.000638042704598842,0.0007525251983704717
1,0.0003894072029886281,0.0005035208512999851
1,0.001078754439912177,0.001192428860622912
1,0.0003342919802595857,0.00044668433665509836
1,0.0004334270345775077,0.000545548128220342
1,0.0004399239215288791,0.0005518818486926397
1,0.0008802013299315748,0.0009920247595795201
1,0.0003068015413598919,0.0004185218794349968
1,0.0006242979561563172,0.0007348186496926494
1,0.00041127481741924665,0.000521466037745218
1,0.00038993981701155304,0.0004999326233258386
1,0.0007496220587290886,0.0008594660681329839
1,0.000296037410495521,0.00040586221325580445
1,0.0006470842241009527,0.0007568365113836362
1,0.00029216692324025075,0.0004017313050798518
1,0.0007342984364491124,0.0008424866373044807
1,0.00046795468378885846,0.0005760140220105261
1,0.0007196914677614153,0.0008275934696092198
1,0.000446522276451867,0.0005539545965974891
1,0.000565824918135225,0.0006726281309587924
1,0.0005516578706606934,0.0006580104034906047
1,0.00043776536266942006,0.0005439603251248273
1,0.00038190823988030906,0.00048792051490616906
1,0.0007117939523963284,0.0008176442469675411
1,0.0007389598339914375,0.0008447804304693808
1,0.0003202937357890787,0.0004258878139074788
1,0.0004166802468852031,0.0005222306113581268
1,0.000724157767252642,0.0008295697564300392
1,0.000806853827513716,0.0009120871120021802
1,0.0006510597683592023,0.0007559727545337146
1,0.000886563394848689,0.0009913320763396925
1,0.00043882473026452825,0.0005434194533278105
1,0.0005668697678160748,0.0006714052078279602
1,0.00021794787973635992,0.00032230178365501153
1,0.0003074145338071299,0.00041159843798928557
1,0.0005756660264127947,0.0006794477574194152
1,0.0005637450932772443,0.0006673615919009437
1,0.0041751505304096735,0.004278571420783173
1,0.0007434716964894724,0.000846855313717134
1,0.0005730130682741784,0.00067620804050136
1,0.0009715170621994325,0.0010745994654440109
1,0.000283631145953404,0.000386689561252772
1,0.000498002460630466,0.0006005369522713359
1,0.0003118759101852767,0.0004142224212946145
1,0.00028971882481878343,0.00039204593916482527
1,0.0006643777216603833,0.000766618616584043
1,0.000312538842077036,0.00041441209292233374
1,0.00047933211073108225,0.0005803936075318204
1,0.0010101845172197392,0.0011112159221997506
1,0.0005954753879164617,0.0006964523209281117
1,0.0004148954223457936,0.0005155864507551935
1,0.00035252905919140603,0.00045319107324144457
1,0.0007500945268437594,0.0008498024294311001
1,0.000595685614042283,0.0006953074919881446
1,0.0006185386888544189,0.0007179748488166204
1,0.00031217334564402204,0.00041108536885933674
1,0.0003861087210199845,0.00048492646214651463
1,0.00047908941047652796,0.0005777646061842725
1,0.00025952119416715693,0.0003580260512734432
1,0.0004012445222385418,0.0004996300448920991
1,0.00037476005829742556,0.00047312076754541785
1,0.0003027953566166676,0.0004009633818516731
1,0.00044202261444494716,0.0005401341958762209
1,0.0005477671470042566,0.0006455257750177225
1,0.0007021678390712111,0.0007998145877557299
1,0.000359703583295222,0.000457291445871115
1,0.0006103190878221767,0.0007078650291822338
1,0.0005914920370729323,0.0006887452696370725
1,0.00034975912300752544,0.000446493092994582
1,0.0005908871512154524,0.000687355762788899
1,0.00025653213800161785,0.0003529976590830097
1,0.00032887204721451443,0.00042517704957952603
1,0.0006239340789638986,0.0007201997873635401
1,0.0007590562415874491,0.0008551365972378821
1,0.0014243772277433913,0.0015198916301769213
1,0.00040118714487031226,0.0004966455031747754
1,0.0035960729322392655,0.003691151052254331
1,0.0007120250110753119,0.0008069794640861433
1,0.0007023065938127241,0.000797113051838592
1,0.0003306989474167904,0.00042510189329366527
1,0.0004395726287143148,0.0005339560312877562
1,0.0009564181979977107,0.001050674575080649
1,0.0005916966754792525,0.0006856238470885138
1,0.0006465569095491537,0.0007396094507135932
1,0.0003063049125090074,0.00039846078867463656
1,0.0006050597899634201,0.0006970808566835073
1,0.0002781318405556249,0.0003701001367609429
1,0.0003944713228525645,0.00048636745935258546
1,0.0003271631153427574,0.00041903807259298674
1,0.00034120919876336626,0.00043281395874280606
1,0.0007361183321660204,0.0008271045292641545
1,0.0005943784677326569,0.0006849704319459656
1,0.0007195315445670766,0.0008100056754436399
1,0.00037935700014168975,0.00046936717176123126
1,0.0004543990702347744,0.0005443567957338662
1,0.00041691740083664523,0.0005068413611303167
1,0.00045090671608175975,0.0005408222966876951
1,0.00038348550709300233,0.00047324635222367815
1,0.0003554864233592199,0.0004448972334130409
1,0.0036009132618352114,0.0036895184959234973
1,0.0005020959909109753,0.0005905328720310607
1,0.0009761252286364742,0.001064435765748789
1,0.00042408123901608213,0.0005122803528621745
1,0.0006187513622467303,0.0007067383983276876
1,0.0002856497472318287,0.0003736201562073723
1,0.00039696303901410864,0.00048493023243309486
1,0.00024825593054835334,0.0003356823493138423
1,0.00036082499561263795,0.0004479422333968862
1,0.00046733840640836207,0.0005542090132810722
1,0.0002958819422605317,0.00038271736198408965
1,0.00028489297469479235,0.0003717085929205796
1,0.0006349515947127447,0.0007216285234500845
1,0.000478119265551717,0.0005643761872495366
1,0.00034391372865675033,0.0004296288119937708
1,0.0008830655523238016,0.0009687805176172528
1,0.00039986250485287144,0.00048536131469171866
1,0.0027797677627501185,0.0028649814508388428
1,0.0005935814328825105,0.0006787880882046645
1,0.0010426898984645556,0.0011277849979863775
1,0.00041284511207745984,0.0004978676940967161
1,0.00031912361491321186,0.0004040079205836228
1,0.00031396930300261,0.00039878268640803044
1,0.00041887987077431787,0.000503454645868581
1,0.0007585122736577551,0.0008428748024763532
1,0.0008682323754803875,0.0009524524091056167
1,0.0005865280153256397,0.000670690240855099
1,0.00027848337869002367,0.0003626239983410843
1,0.0003974229314115253,0.00048143476844183684
1,0.0002950513416309002,0.00037861919160986243
1,0.00035888401092998436,0.0004421226024774591
1,0.0003794328041509363,0.0004624939761216515
1,0.0006116490264842511,0.0006943445348559078
1,0.0007270070648048216,0.000809566911606789
1,0.0005641986423101988,0.0006465235430253225
1,0.0013053801686144005,0.0013875601379694836
1,0.00055128122032076,0.0006333923521451407
1,0.00138259052168286,0.0014642292761115475
1,0.0008688019982392603,0.0009502508142703787
1,0.0008572739839379052,0.0009385954439247645
1,0.0006594369287747707,0.0007406484910327403
1,0.00031384420827129054,0.0003947386689732712
1,0.0006792969829890507,0.0007601652439735579
1,0.0004311632225914901,0.0005119486911473639
1,0.00045906890978743655,0.0005397592779357374
1,0.00044582285512638947,0.0005264944397059838
1,0.0003576510496590969,0.0004379962729268868
1,0.0005709235181349496,0.0006509766959802132
1,0.0005873225049270571,0.0006671094840746856
1,0.0007689734134567796,0.0008486569177812651
1,0.0004747656881831169,0.0005544027007527562
1,0.00034507956509172036,0.00042469792541291565
1,0.0013200852115650594,0.0013994038446815303
1,0.0007939299714278626,0.0008732113973111183
1,0.0008584784710994547,0.0009372885506625234
1,0.0005631353340081689,0.000641892082526722
1,0.001039222819737894,0.0011178629902328181
1,0.0002953939436908447,0.000373819829587577
1,0.0017550692682342267,0.0018334925269066701
1,0.0004162352151974132,0.0004943859718563544
1,0.0005735224391457715,0.0006515459064010858
1,0.0004911801868382774,0.0005690378663417749
1,0.0008390049195692433,0.0009164176476098927
1,0.0009402120473628226,0.0010174801770863906
1,0.0005319476554815255,0.0006090820410027082
1,0.0006033398480241753,0.0006804283754747769
1,0.0006706675489330155,0.0007477550092640077
1,0.00030726345777191695,0.00038433612875980137
1,0.0003295327598022021,0.0004058622294556043
1,0.0002812914217734465,0.00035756130946886807
1,0.0004297995735282839,0.0005058471606275197
1,0.00037432142382333634,0.0004498216647769779
1,0.0006992533511844284,0.000774749129709818
1,0.0008072355680855438,0.0008824075333338026
1,0.00040000372468615187,0.00047511920050889
1,0.00040124452223869525,0.0004759558079400655
1,0.0005841766900349886,0.0006584382915662861
1,0.00022156898690019276,0.0002957589543929419
1,0.0003828754043135926,0.00045697654786429326
1,0.00032087362836250857,0.0003949348514158632
1,0.002767432848164731,0.002841005774919862
1,0.00047971851314055936,0.000552898889878655
1,0.00045716782298035565,0.0005303018768286285
1,0.00032184435549850786,0.00039496110956807785
1,0.0004161400470896683,0.0004889834122626247
1,0.0005053095570771802,0.0005780762966028556
1,0.00038211486420753054,0.00045465733424032245
1,0.0003498701068588944,0.0004223744138204888
1,0.0003971693293460677,0.0004695285214321743
1,0.0004276819505734405,0.0004999867350258855
1,0.00034810844173328203,0.00042021556159524404
1,0.0005404713391764684,0.0006125452758552439
1,0.0006916145309020804,0.0007634190426612659
1,0.0005180274342453061,0.0005896157655584816
1,0.000610520770959244,0.0006819351602752107
1,0.0004378663514373507,0.000509141136530683
1,0.0003710375816157985,0.0004422477486113631
1,0.00042288826424586787,0.0004937166886094599
1,0.0003081653678755023,0.00037891919475048
1,0.00044150463636811045,0.0005121576360073686
1,0.00038020878561723857,0.0004505406203744115
1,0.0007206837456680922,0.0007910064603929655
1,0.0005390429921597138,0.0006092674326286073
1,0.0006868493691650541,0.0007569793243585393
1,0.0008857084885025934,0.000955449945365461
1,0.00033407835608909384,0.0004037701278503565
1,0.00041732466583640555,0.00048700596871815
1,0.00039750010840637536,0.0004666487046001426
1,0.0003806020913734429,0.0004497284240154122
1,0.00029274867793261874,0.0003618541859419549
1,0.0010842860986819169,0.001153389978520835
1,0.0006760940770847366,0.0007451366036558607
1,0.0003920219092103161,0.0004610274210257695
1,0.0007821805904604718,0.0008511294938130223
1,0.0004422737856582251,0.0005111031442429517
1,0.00039927106196706584,0.0004680926280927258
1,0.0006179521067951783,0.0006867261242770905
1,0.0008476883264228092,0.0009163339282115996
1,0.0006575571604882081,0.0007256319520441871
1,0.000545548128220228,0.0006133595414207604
1,0.00035411711720247715,0.0004217989295805033
1,0.0004523888219228967,0.0005200024119038025
1,0.00045513157396486647,0.0005225620892599193
1,0.0015956120467747528,0.001662983842939961
1,0.000320873628362522,0.00038816912566047953
1,0.0005527741524219737,0.0006198831344706629
1,0.000328645755060442,0.00039568749192941044
1,0.00041525532593890483,0.0004818832514121336
1,0.0007202529477274187,0.0007867227302263001
1,0.0008295353519848091,0.0008959236287996925
1,0.0003590948252859427,0.0004253584004303942
1,0.002828918547884291,0.002894991426200801
1,0.0006327675662021957,0.0006986111739550438
1,0.0003079204437066366,0.00037349044513952103
1,0.0008839385207241055,0.000949412097494928
1,0.00045146012854395417,0.0005167200324181685
1,0.0005818843426602079,0.000646747818900525
1,0.000976935153547278,0.0010417362662753261
1,0.0003591553114346574,0.0004239469821985476
1,0.0004860792036477405,0.0005503698516212559
1,0.0008604069950746796,0.000923992357454406
1,0.0007391183290590613,0.0008025956431916287
1,0.0004096986386226892,0.0004731116579321593
1,0.0004067948733692549,0.00046989097727311865
1,0.0002614395847360241,0.00032452202199720234
1,0.0005264177229741079,0.0005892748563180918
1,0.0008038819707368515,0.0008666499848916181
1,0.0007946473988767002,0.0008573316345235369
1,0.0005660041520901401,0.0006285237216586814
1,0.0007964348867613952,0.0008587868837406803
1,0.0004055875569656672,0.00046779748839436666
1,0.0007147040427850421,0.0007767966145450454
1,0.000344986513467948,0.00040701287623716345
1,0.0005856902459411182,0.0006477089187659225
1,0.00033917630399107293,0.0004010285411455416
1,0.0005139141493713795,0.0005756778924135665
1,0.00035071991071471495,0.0004124661619513537
1,0.0013665464958413649,0.0014282764892416247
1,0.0006384137211228113,0.0007001381816764701
1,0.0004515144408408917,0.0005129611773210208
1,0.0004216136788496688,0.0004830430251283127
1,0.0005162898087603215,0.0005776118765919983
1,0.0005877355085286282,0.0006489927185759424
1,0.00041007663623529686,0.0004712805488823477
1,0.00026282678153581953,0.00032400217218098767
1,0.00042980677819389856,0.000490917694747398
1,0.0005590730999223516,0.0006201326066237377
1,0.00039413001951286194,0.0004549786794879803
1,0.0003780596415950605,0.0004386815361633059
1,0.0008581699970908878,0.0009187884428898984
1,0.0004013452562715745,0.00046168656545959896
1,0.0007462053081032623,0.0008065045153577787
1,0.0005103127725167872,0.0005698344978986109
1,0.00039087361539054047,0.00045025372525119424
1,0.006920775822801066,0.006980011740412599
1,0.0003970287264405957,0.00045616346991682696
1,0.00032101824299276947,0.0003799399368475548
1,0.0010285908369097989,0.001087493626698297
1,0.00042882387074120884,0.0004876177300376875
1,0.0003355993122615182,0.00039426743282946857
1,0.0004571169989025002,0.0005156292457800768
1,0.00029080464646708405,0.0003491837175077258
1,0.000318920176239577,0.00037728646763934343
1,0.00033805291404182604,0.00039618923118446466
1,0.0005048352434625739,0.0005629462575420716
1,0.00031916079660410833,0.00037715386880209046
1,0.0004000385964360197,0.00045785605685326713
1,0.00041196238636311266,0.0004696605160866522
1,0.0002386601869744511,0.00029632757302492757
1,0.0007796275626224955,0.0008372658855470143
1,0.00023004049137733873,0.0002873609578657194
1,0.0004899947438811532,0.0005472295238259554
1,0.0030984314361423623,0.0031555133803279206
1,0.0003972001977534297,0.0004541663220166407
1,0.0005121624367148313,0.0005687466351967649
1,0.0008359655946601351,0.0008922959315030952
1,0.00025773949988865564,0.00031399206906666664
1,0.0004930305111609274,0.0005486390771946948
1,0.00036550244104515057,0.0004210855778261976
1,0.000824230268920757,0.0008797089116376524
1,0.0005583600903940925,0.0006137854768984628
1,0.000705478575366292,0.0007608524447743673
1,0.0003334763077866817,0.00038878771592626096
1,0.0005418979143738495,0.0005971516528703329
1,0.0006581131926632821,0.0007130910266288605
1,0.00030212399991164405,0.0003570269486813789
1,0.0002871436261345477,0.0003420353768480552
1,0.000557438995904582,0.0006121475057223599
1,0.0007514816335287294,0.0008060931109655316
1,0.0004719942905227124,0.000526494439705978
1,0.00041293845069134596,0.000467322077528956
1,0.0003120232647459215,0.000366366220676636
1,0.0007369319452876267,0.0007912402544573897
1,0.0003494395617351018,0.0004037027675075631
1,0.0003305762009816684,0.00038456040965030136
1,0.00031183230691131066,0.0003656243315645242
1,0.0006275870714445032,0.0006812569415952273
1,0.00033122799800682325,0.0003848581770055462
1,0.0009108849784062154,0.0009644537053975576
1,0.0005474695334588254,0.000600567114953422
1,0.0004061538357683551,0.000459169030229922
1,0.0010103344240268678,0.0010631422117780907
1,0.0008055299819348881,0.0008582655189728674
1,0.0006857660268089303,0.0007384606621785771
1,0.000559556490227524,0.0006121548979017878
1,0.00039419125133699474,0.0004467588313717703
1,0.0002901435908191534,0.00034265424153917686
1,0.000788382298082779,0.0008408037513549625
1,0.0003176203225762625,0.0003699454826482879
1,0.0005891861505504118,0.0006414567327120953
1,0.0003466406023125894,0.0003987826864080196
1,0.0003865255799229321,0.00043849997137855427
1,0.0006927457833550283,0.0007445916768305019
1,0.0005966166051433817,0.0006482637842242007
1,0.0003785337300340536,0.0004301328600484619
1,0.001003217109840433,0.0010548037900424219
1,0.0005635455714143648,0.0006151221786397182
1,0.0008510589487097423,0.0009024635524056403
1,0.00038120186114936716,0.00043256473027349714
1,0.00043044650207430023,0.00048176859859294093
1,0.000446765074149969,0.0004980542466469981
1,0.0006109026276456638,0.0006620184100275058
1,0.0002978299028018396,0.0003489433458121359
1,0.0005169794948875444,0.0005680652564505612
1,0.0002638206125910749,0.00031486700453721797
1,0.0004558316590483288,0.000506807025840187
1,0.0004545350364466512,0.0005053888687803531
1,0.0007331191992290968,0.0007838893589795757
1,0.0008686125560131595,0.0009193107926464082
1,0.0002491215827460632,0.00029956661858672153
1,0.0005693178099154378,0.0006196685165785931
1,0.0008344914047392011,0.0008848126171351223
1,0.0003164146339399067,0.0003666859486501304
1,0.0003976644880318686,0.00044772150149186994
1,0.0006651467720196163,0.0007151157699031191
1,0.00022939547720929183,0.0002793525736229941
1,0.0004379421018916761,0.0004878608008115791
1,0.0003008393440376834,0.00035032511703718687
1,0.0009315990328870087,0.0009808145883594731
1,0.00031163016441370983,0.00036076093157264954
1,0.00030002282927112377,0.0003491060842566957
1,0.00028130602725241066,0.0003303884926708798
1,0.000580608030918384,0.0006296840257311225
1,0.0006967721405140958,0.0007454364857264926
1,0.00036592280051840024,0.00041453618495206524
1,0.001962566156781472,0.002011076467610725
1,0.00038211322296352417,0.0004304536573254974
1,0.0003254277774742624,0.0003736078464514249
1,0.0004331349183411441,0.0004812610203789071
1,0.00043897698854614245,0.00048702810506094863
1,0.0003865172143742021,0.00043456054951647986
1,0.00024173494443715797,0.00028971640897393445
1,0.0003607233816010254,0.0004085636952858797
1,0.00044930973729862304,0.0004970365566652397
1,0.000980813483842234,0.0010285397571336572
1,0.0006260074755715173,0.0006736173724315925
1,0.00028863917597024693,0.00033604861494306677
1,0.0008815970297947778,0.0009290045195202176
1,0.0002520669648637377,0.0002993612249262965
1,0.0006165593520699242,0.0006637713245186077
1,0.000560313250781839,0.0006074165149914923
1,0.0028472717915667706,0.0028943637573009546
1,0.0005523530127790387,0.0005994061639462379
1,0.0003605478255641309,0.0004075800095596502
1,0.0002657302628765552,0.0003127563567891836
1,0.0009310680863406272,0.0009774486971907733
1,0.00040782055840047244,0.0004542001783903155
1,0.0005975185216476454,0.0006438677128875021
1,0.0006829433628773896,0.0007292744120512075
1,0.0005436757228319205,0.0005899321966027437
1,0.000670217866207427,0.0007164437139274884
1,0.000516199781765153,0.0005623641774403208
1,0.0003363687702118584,0.000382527790828754
1,0.0006536651518392294,0.0006994032474064391
1,0.00044547200476559567,0.000490917694747398
1,0.0007792907344194603,0.0008246488248749146
1,0.0010687247728857086,0.0011139085272670582
1,0.00041061864188721896,0.0004555844654084848
1,0.0009503031113181452,0.000995263185504463
1,0.0003275876045341293,0.00037236874951494337
1,0.0008509562623432633,0.0008957115261386589
1,0.0002731682871811668,0.00031790345173852226
1,0.0006046677304691725,0.0006493866655859073
1,0.001175134000121274,0.0012197935404676605
1,0.00041838614906919614,0.00046302265134907705
1,0.0007340637135582093,0.0007784990299741263
1,0.0006796340402762174,0.0007240399135558174
1,0.0005454718198554694,0.0005898207629098437
1,0.0004557699781695482,0.0004999326233258386
1,0.0005724637457734955,0.0006165593167989316
1,0.00030714238086144085,0.00035110235759047183
1,0.0007032875385804889,0.0007471665801237977
1,0.00027271765718749324,0.00031650882925959704
1,0.0007373061265015013,0.0007808879897961046
1,0.0003612557781414987,0.0004048317814911606
1,0.0007558323853297497,0.0007992475735102647
1,0.0003252405961750855,0.0003686327891975422
1,0.0003055909429530569,0.0003486850714220702
1,0.00040175383251722885,0.00044476078953529325
1,0.00043036861949079854,0.0004732682283029577
1,0.0002589944451511251,0.00030182563634045166
1,0.0007046107750624033,0.0007474115273161958
1,0.0005431915567134357,0.0005859572394989232
1,0.00024907702183704406,0.00029180004383054433
1,0.0003682908951973398,0.0004109411237346112
1,0.0004931434819003945,0.0005357184246453257
1,0.0005352034327378843,0.0005777576200609755
1,0.000494571978640759,0.0005370594304406422
1,0.0007302505737529711,0.0007726176631922931
1,0.0005683814232140353,0.0006106187322624934
1,0.0003988026576741222,0.0004410060259371163
1,0.0006286030263869032,0.0006706329617843489
1,0.000680937029061143,0.0007229583200439516
1,0.00037640516568540123,0.00041816178132598764
1,0.0006292020829347601,0.0006708665462119472
1,0.00029846113010262244,0.00034000200577703033
1,0.0003915166291887781,0.0004329244437238857
1,0.0005900559155312204,0.0006313010598279948
1,0.0004327526053038312,0.00047398537882547366
1,0.0007633583953997747,0.0008045413963063858
1,0.00039676539787365095,0.0004379015765975009
1,0.0004354997753575868,0.00047662618257258163
1,0.0009555319848310725,0.0009964540144466667
1,0.00033216574357034813,0.0003730686266044948
1,0.0005611669773617498,0.0006019909463833823
1,0.012055543094357093,0.012096338859902345
1,0.00036035262080586167,0.0004011234166901287
1,0.0004296699142336428,0.00047036607432917677
1,0.0003464546546085415,0.00038702127437397366
1,0.0003298318158555673,0.00037027667831225094
1,0.00063576856689382,0.0006762118131747989
1,0.0003040716661557355,0.00034427266469997455
1,0.00028304444592506666,0.00032307748427620796
1,0.00046289301102465425,0.0005028482490395684
1,0.00035548092561357914,0.00039496110956807785
1,0.0003067816295750491,0.00034620085135438576
1,0.0006035036592374953,0.0006428563638977205
1,0.00040965278610821844,0.00044900442564982943
1,0.00038194407047793485,0.0004210585763371788
1,0.0014177029078197368,0.001456813428522522
1,0.000798448631788283,0.0008375232393500987
1,0.0003168254933767916,0.00035587467392239494
1,0.0004560339661782621,0.0004950531131857141
1,0.00040968478004697173,0.00044868396219908274
1,0.0008621388144052437,0.0009010363552652027
1,0.0007625053151731939,0.000801048184417235
1,0.0003652544765384743,0.00040342303401259664
1,0.0004166802468851009,0.00045475361983316343
1,0.00032145650527218305,0.0003595271208928226
1,0.0002108664446182406,0.00024886768454723807
1,0.0004351001130162691,0.00047296406476637627
1,0.00027583662677218743,0.0003136446907076734
1,0.0003638202808850963,0.00040162757198905735
1,0.0009805735260906398,0.0010183048429459193
1,0.00033771140777084425,0.0003754322575430313
1,0.0017499827915566967,0.0017876862579044054
1,0.0006923886058196395,0.0007299970024746529
1,0.0002371060209930555,0.0002747002863632787
1,0.0006734453714031254,0.0007109728467186267
1,0.00025903034057030166,0.000296460768810696
1,0.00036057125686684714,0.0003979071238764831
1,0.000597977178567178,0.0006352831521516532
1,0.00029767501187947056,0.00033490590593376006
1,0.0003121239315805986,0.0003493406688148373
1,0.0003282716513177635,0.00036534775101914306
1,0.00039074978614094544,0.0004277862809186419
1,0.0003642358789040175,0.00040124740814246235
1,0.00044216265012551637,0.0004791077021056786
1,0.00039186682512492075,0.00042870347547608185
1,0.000491023011781637,0.0005277863084420387
1,0.0008890099646665852,0.0009254936025691025
1,0.0012314161731803313,0.0012678829937746263
1,0.0009415503656869647,0.0009779841150636503
1,0.00029709252293842216,0.0003334763077868331
1,0.00031935554825302155,0.00035556541865944583
1,0.00026451170992111066,0.00030068518836556184
1,0.00040673044946233395,0.00044287156049383755
1,0.0003971691433150576,0.0004329922990028105
1,0.00036701386750608446,0.0004027585092981981
1,0.0007477561842829822,0.0007834957263618927
1,0.0005315557367551498,0.0005672756332619348
1,0.0003750543841716162,0.000410663537693102
1,0.0004395751503499267,0.0004749634231421442
1,0.00038254085777504826,0.0004178826564157349
1,0.0003857207356106334,0.00042086449413987595
1,0.0007867229183263856,0.0008218154689133184
1,0.00038170603293026533,0.00041674722036203333
1,0.00041190807956114435,0.0004469034852257972
1,0.000522925344684414,0.0005578944375750696
1,0.0012978990802395465,0.001332764019133239
1,0.00035216269370809335,0.00038702127437397366
1,0.00021397038492289766,0.00024874051472289344
1,0.00038441165604123314,0.0004187529274508661
1,0.0006737078742643709,0.0007080453110469036
1,0.000512974198394903,0.0005471937766261914
1,0.0003687154639729291,0.00040290382855608916
1,0.0002413992997207371,0.00027556834007350724
1,0.0004545985246895665,0.000488742622506519
1,0.0005679688691910133,0.0006020773562029441
1,0.0005547569137199883,0.0005888036953582802
1,0.0003493415568225999,0.0003833701362644367
1,0.0006870581598281221,0.0007209762497441425
1,0.00033045815628014285,0.0003643323139081972
1,0.0003540022946798376,0.00038784582482985627
1,0.0008001973534413275,0.0008340281020882161
1,0.0008209721684845485,0.0008547532385278834
1,0.0003569529962975581,0.00039067460163014217
1,0.0004262290524968087,0.0004596678567528763
1,0.0003167460914891065,0.00035015655629302717
1,0.0004837190224693112,0.0005170617999486317
1,0.0003743623042280653,0.0004076680769916923
1,0.000321980349980924,0.00035528286734214505
1,0.0003208397106891229,0.0003539640845104591
1,0.0005212658989723819,0.0005543750352571221
1,0.0011195363040659625,0.001152510456622853
1,0.0005153587714375584,0.0005482194733793312
1,0.0002310529369585823,0.0002638580756664147
1,0.0003427416506708501,0.00037553710291809625
1,0.00028689313916774073,0.0003192205982356742
1,0.0012288667310828962,0.0012611276220509968
1,0.0006190847239260718,0.0006510478837649642
1,0.00039256926229723786,0.0004245173181645966
1,0.0005480360575693785,0.0005798563901396181
1,0.0006527112868930022,0.0006845287198624727
1,0.00039903088387737275,0.0004308115040422691
1,0.0007952238699809893,0.0008269172168920796
1,0.0007487420241411993,0.0007804019832351281
1,0.000571190059600244,0.0006028056866600464
1,0.0003325102262240705,0.0003638314717158945
1,0.00042631134141268146,0.0004575126344431662
1,0.00037290742377905553,0.000404106446960831
1,0.00045349844867902063,0.0004846460249156955
1,0.0005775009244859185,0.0006085827862273841
1,0.0003796855513853611,0.0004107596657469928
1,0.0006036532716881962,0.0006347097696869243
1,0.0007755420145596537,0.0008065339982763618
1,0.0007319217519937998,0.0007629084999749077
1,0.000491281284370259,0.000522165571479586
1,0.0004325291770396461,0.0004633780652114902
1,0.0005600025694788675,0.000590834885755754
1,0.0002778936605877503,0.00030866595470918336
1,0.000383408801842248,0.00041414752372100967
1,0.00049677212516836,0.0005274114292679205
1,0.00036182907285512773,0.0003924517801569443
1,0.0004691327956800671,0.0004997397999892142
1,0.0003236768255915478,0.0003541458578977005
1,0.000577454768630803,0.0006078209142841462
1,0.00045691360979430867,0.00048701371136396237
1,0.0002025409520760592,0.00023258996548990122
1,0.00029888846680309637,0.00032891568480842464
1,0.0006385038672413789,0.0006684227474356999
1,0.0006464610594396369,0.0006761882652252823
1,0.0003700027227321393,0.0003996550134568715
1,0.0002792547529727451,0.0003086554015744447
1,0.0003387567116658217,0.00036815681676369375
1,0.0004624194875991248,0.0004918184876912257
1,0.0004293670492594506,0.00045875962192740193
1,0.00023324626063811295,0.0002625841921932559
1,0.0006716767265758275,0.0007009689705611607
1,0.00036031422611767746,0.00038959360266010854
1,0.0004108161821264877,0.0004399865138431903
1,0.00018618647598612258,0.0002153485984696982
1,0.0006099128177900852,0.0006390131861159641
1,0.0004971235895174039,0.0005262140357364703
1,0.0005690193035935945,0.0005980890113114255
1,0.0005694790669105582,0.0005984112104031431
1,0.0011395854547020926,0.001168419945431496
1,0.0007241765775885578,0.0007530056262317501
1,0.00033755776201748903,0.00036638463889905734
1,0.00025783193052692627,0.0002865076198038955
1,0.00044620991385577863,0.00047483753526141113
1,0.0005741358180428878,0.0006026667911794053
1,0.0003775101660761072,0.000405651867813286
1,0.00022959169921254357,0.0002576778538416931
1,0.0007832784925042572,0.0008113590756473708
1,0.0002776820824651653,0.0003056979669077762
1,0.0006481394041869687,0.000676048491649759
1,0.00029271254083296396,0.0003204010566405638
1,0.0008513829786743075,0.0008789695232717584
1,0.00032590621943146475,0.0003533801703422195
1,0.0007236865259132024,0.0007510827488970585
1,0.00048423831832188324,0.0005116176794926729
1,0.0005368054941453145,0.0005641603747011358
1,0.00034578507484928235,0.00037306862660464724
1,0.0008699046205149811,0.0008970620547120257
1,0.00036824342965589873,0.000395294594156424
1,0.00034460585558564215,0.0003714074141393883
1,0.0005205224414351394,0.00054730745575413
1,0.0002427923123570001,0.000269554848100245
1,0.0007253690605295111,0.0007521145941043138
1,0.0002797920746407327,0.0003065069606263101
1,0.0003126670567636897,0.0003393516779012945
1,0.0006057694897609508,0.0006324205182745299
1,0.0005456461525477139,0.0005722488325757789
1,0.0004786444368191285,0.0005052133293117378
1,0.00037140741413924935,0.0003978652857609772
1,0.000727843537240676,0.0007542519919510506
1,0.00040649038614585126,0.0004328946336972578
1,0.00036930166303219034,0.00039567538098464537
1,0.0004018629366473933,0.0004281791093941758
1,0.0002774522089019767,0.0003037622122025176
1,0.0003740233882557861,0.00040030193564880874
1,0.0003942278984536275,0.0004204326308380001
1,0.00038321006896426847,0.000409353823991325
1,0.0002761143874042613,0.00030222403402012057
1,0.00041980736455655493,0.00044586185460164144
1,0.0003690098635175512,0.00039498105192543035
1,0.0010092823154021692,0.0010352384518131546
1,0.000534520071860908,0.0005602783449136567
1,0.0004104928241935162,0.0004362423797337527
1,0.00028633922556409245,0.0003119878136539255
1,0.0008165118317365446,0.0008421266373199342
1,0.00023570960021474557,0.0002612979259095608
1,0.0002836086485705102,0.0003091172487109587
1,0.0005845313425260584,0.0006099939278219552
1,0.0008686269628403114,0.0008940419337122608
1,0.000236150253402919,0.00026154348603263426
1,0.00035274893126743063,0.00037810084648967504
1,0.00024257577448778508,0.0002678956136081519
1,0.00028586629785029355,0.0003111178539918218
1,0.00043022350034160623,0.00045540410861347
1,0.0006073462460014654,0.0006325251664123539
1,0.0005505599524157398,0.0005756506315057964
1,0.0003183205123710808,0.0003433072770069556
1,0.00044084740281356784,0.0004658063987451348
1,0.0012260463039028618,0.0012509882762616663
1,0.0006343706004292327,0.0006592198304657452
1,0.00024294418620688456,0.0002677850318195316
1,0.0005580223861558513,0.0005828184586802637
1,0.0006908443322853656,0.0007155862193119736
1,0.0002776097102635973,0.0003023094280735666
1,0.00044361561900966456,0.0004682691407359323
1,0.0006257857760442405,0.000650383161423265
1,0.0003679675939494571,0.0003923373443897387
1,0.0006809526284238753,0.0007052919586104054
1,0.0005338675075495801,0.0005581895385643649
1,0.0003218851599271579,0.00034619618455903684
1,0.0003302032481982816,0.00035441927134626796
1,0.0005860288970186532,0.0006102207616423734
1,0.00039088995150946096,0.00041507233660812706
1,0.00034704964882560613,0.0003711427654014878
1,0.0027636695348647847,0.0027877134094012666
1,0.0002693068006081386,0.0002933224224592283
1,0.0003739824446387484,0.0003979071238764831
1,0.0006555216109816043,0.0006794053171036842
1,0.000545073728392961,0.0005689372750107523
1,0.0007647774586466431,0.0007885736792133715
1,0.000372275073985596,0.00039605952626907247
1,0.00028069975569817063,0.00030442271933212175
1,0.00040347307015045663,0.00042713156406788374
1,0.00040987165447237703,0.0004335257034020882
1,0.0004083518069302473,0.00043199988958472855
1,0.00045813259002120093,0.00048176859859294093
1,0.0003251381696625885,0.0003486235600675275
1,0.0004607789568344918,0.0004841643683090746
1,0.0003431484850490552,0.0003664926069292798
1,0.0008668222195161564,0.0008899903026858826
1,0.00034959398998259724,0.000372749064408159
1,0.001146843452749066,0.0011699984743223663
1,0.00039807845893535484,0.000421216736163192
1,0.0034804190752296717,0.0035034095405134676
1,0.00035029686878201193,0.00037328483093331856
1,0.0005378973786835244,0.0005608766533998699
1,0.00033645689755568766,0.00035932537632015805
1,0.00025980330095426066,0.0002826096785833697
1,0.00041401867364389175,0.00043682284913942334
1,0.0005689102797200343,0.0005916088879928872
1,0.00048820432750785434,0.0005108905558990672
1,0.0004096006499948849,0.0004322147970963349
1,0.00040610747953797867,0.000428503692467582
1,0.001007225082154194,0.0010295053867685467
1,0.000310505677891278,0.00033255280474578597
1,0.0004312706954582375,0.00045320762589056703
1,0.0002750718169139424,0.00029694682623531457
1,0.00030274458184371657,0.0003244608259505381
1,0.0003807064024089005,0.00040230305608790197
1,0.00032955296687020574,0.0003511182356203894
1,0.00032155082489237027,0.00034311265629329804
1,0.0005819720437497541,0.0006033266362657197
1,0.0003902789816785118,0.0004115486857266865
1,0.002403985248919967,0.0024251937435567673
1,0.00044547200476562337,0.00046659987093006125
1,0.0002896946769099874,0.0003106974110774874
1,0.00042120650756839127,0.00044220180291649157
1,0.00028597539871035656,0.0003068733574146058
1,0.00046209076952451417,0.0004829615210114514
1,0.00039262294891259555,0.00041347977057969
1,0.0004503350137605078,0.0004711878289916442
1,0.0003612293910600873,0.0003820366315962567
1,0.0004261660770886341,0.0004468738783755338
1,0.00031071356608457896,0.0003313525494919526
1,0.0006253725181495477,0.0006459172704407805
1,0.0005843515844587687,0.0006048795083923204
1,0.0003188721280018408,0.0003391763039913121
1,0.0007291040828299695,0.0007491831892054024
1,0.000447207436498447,0.0004670148741463204
1,0.0003277814145353911,0.0003475655145259579
1,0.000382191149880461,0.0004018841703310036
1,0.0003437435958289532,0.0003631409279827329
1,0.0003494391814594424,0.0003688119747716013
1,0.0002140681886807376,0.00023341619465453751
1,0.00045845412111245,0.00047773065595192726
1,0.0005679662425435196,0.0005872256782916188
1,0.00041366718791694876,0.0004329244437238857
1,0.0005936154317752789,0.0006128107697158495
1,0.0004914414226055749,0.0005106192659563571
1,0.0002880694118413874,0.00030724280341796085
1,0.0007720760875994213,0.0007912022880047745
1,0.0005554012236494297,0.0005744949571612957
1,0.0007379318541086007,0.0007569793243585393
1,0.00030087459153637546,0.0003198389079186278
1,0.0008530719760653537,0.0008719696276908029
1,0.00033827159097951415,0.000357132527315058
1,0.0003343103471357329,0.000353104505411887
1,0.0005763491451577372,0.0005951237099654555
1,0.0004524504327886295,0.0004712021425143346
1,0.00027964899716423716,0.0002983571183917324
1,0.0005441670946653353,0.0005628568349797455
1,0.0006184868011245763,0.0006368862103629156
1,0.00029748705444545225,0.00031571042998914425
1,0.000959804592104225,0.0009779841150636503
1,0.00046840639106662915,0.00048656487484740707
1,0.0007070548015086157,0.0007252048333115694
1,0.00027831996573095285,0.0002964087353273351
1,0.0005627447978538017,0.0005808245718500417
1,0.00035823796876062957,0.0003761566106142934
1,0.0003388360077816515,0.0003566932366537001
1,0.0005649564703559843,0.0005826390600708329
1,0.000348995729627232,0.0003664485811332193
1,0.0003974978862290044,0.0004149246503068256
1,0.0003869061396168927,0.0004042376405877284
1,0.0009106151665846822,0.0009278285633778023
1,0.0004268233195431728,0.0004440129393632163
1,0.0012206516081465844,0.0012378293753038002
1,0.0003860746359249572,0.00040317624960216293
1,0.0005302000340341788,0.0005472081717468795
1,0.0004434711927335012,0.0004604776974247856
1,0.0005004295822225815,0.0005173377790523916
1,0.0007315430785930254,0.0007484379376065726
1,0.00038710385343204365,0.0004039725542801259
1,0.0004583419983233654,0.00047514944443590536
1,0.00037689879991423595,0.000393583378092208
1,0.0003488640375200038,0.00036553087002955917
1,0.0007819449026550138,0.000798588272199623
1,0.0003993038355916955,0.00041587566377896204
1,0.0004409171405981213,0.00045744761091366735
1,0.00038182808078768304,0.00039820120086575225
1,0.0008271317637042381,0.0008434918810733439
1,0.0007525675999183928,0.0007688496550019084
1,0.0004782185928669652,0.0004944328940715102
1,0.0003186727886455809,0.00033487638474002273
1,0.00019212347969006774,0.00020832668605001237
1,0.0003557403061121609,0.00037192330117751616
1,0.0005438787018160853,0.0005600453676962746
1,0.000405476090701901,0.0004216136788496045
1,0.0005404742284072952,0.0005565406224351436
1,0.000429112786974733,0.00044499281600052703
1,0.00048318291284320036,0.000499043590592899
1,0.001082950255893487,0.0010987902131958356
1,0.0004273568956300878,0.0004431784290060168
1,0.0006081757736341062,0.0006239350721644517
1,0.0003151017929292273,0.0003307596146381469
1,0.0003866687495917114,0.0004022642569177011
1,0.0009627998584658571,0.0009783897488528925
1,0.00043665996195888044,0.0004522426011459534
1,0.00046770141195691514,0.0004832785467158043
1,0.002782703402351265,0.002798278095883117
1,0.000581221753841638,0.0005967665210384169
1,0.0004199095264763425,0.000435228204216309
1,0.00036525447653830743,0.00038047215007638315
1,0.00039894080693548005,0.00041407436279142365
1,0.0003831704251176451,0.00039828269981296834
1,0.0006732957292476889,0.0006883593230696059
1,0.0004222091960268071,0.0004372478229008605
1,0.0005259944588386739,0.0005409073096013989
1,0.000463687215288391,0.0004784121386150977
1,0.0003524934538137479,0.000367206089025847
1,0.00030112780037104775,0.00031583035296111646
1,0.0005529638079534937,0.0005675879046133693
1,0.0006262214623412146,0.0006408297427257156
1,0.00025616463958660354,0.00027074444131491556
1,0.00023007763125831493,0.0002446229242467309
1,0.0009152461450228948,0.0009297793838937788
1,0.00046869088105251297,0.00048319943146750416
1,0.0002546557394220017,0.00026914796963026976
1,0.0002749001047586462,0.00028934682200346964
1,0.0008485455974423088,0.0008629781105222467
1,0.00037711597831227567,0.00039150701322732665
1,0.000730059173865748,0.0007443906707168903
1,0.00028874225347643947,0.0003030677939143283
1,0.0007708202533265195,0.0007851208721504747
1,0.00034318488315690884,0.00035747194931638965
1,0.0004002733669887185,0.0004145100660682613
1,0.0004609449853617817,0.0004751674487022371
1,0.00030831827390325606,0.0003225033930564405
1,0.0005886088921789596,0.0006026738197158657
1,0.0006300992561292208,0.0006441423240016595
1,0.00024913845407912433,0.0002631195333600968
1,0.0005265238355597999,0.0005404779385051572
1,0.0002052857901776372,0.00021918806373289452
1,0.000395720746143301,0.0004096098870461289
1,0.00034922803859922406,0.0003630478109272048
1,0.00034725678296270644,0.000361015676289481
1,0.00044123082422867736,0.00045498774441497623
1,0.0003862727753456103,0.0004000134363527856
1,0.0005621090197889178,0.0005758381542237597
1,0.00047043682750482906,0.0004841576910613028
1,0.000445402898042034,0.00045903298165165564
1,0.0027181622677850733,0.0027317901870964954
1,0.0002947001815838949,0.00030831633314257916
1,0.00048530488558528787,0.000498773747392712
1,0.0007405937161180825,0.0007540269854340348
1,0.0004148313106877861,0.0004282454535219938
1,0.00043413194183331054,0.0004474931654113944
1,0.00040681029446421133,0.0004201053122003325
1,0.0007259903411764737,0.000739234568093252
1,0.00020254095207605005,0.0002157266606777091
1,0.0008128421225555278,0.0008259014957513194
1,0.00046351580271270784,0.0004765677849371067
1,0.0003452163517656561,0.0003582412921940848
1,0.00039821744338071346,0.000411227145906076
1,0.0004027822630672595,0.0004156994180341331
1,0.0002288399239337791,0.00024171842409316608
1,0.0003071078481745447,0.00031995478556848196
1,0.00035896674896325297,0.00037179927850915066
1,0.00036440496335175354,0.00037718912426443587
1,0.000522244162794921,0.0005349515517502895
1,0.00028783984878627257,0.000300532465835907
1,0.00023245913009120917,0.00024507546414140975
1,0.00026480167248208987,0.0002773206089465835
1,0.0003453206242792966,0.0003577138288749938
1,0.00042994331920899535,0.00044230531344245264
1,0.00035492022443343353,0.00036726968894415496
1,0.0006912628358325028,0.0007035444188656621
1,0.0004398560968221504,0.0004519942392773548
1,0.0004052054640692631,0.0004173105416972819
1,0.00025332027556192703,0.00026541112754939825
1,0.0009164733522019681,0.0009285549882256001
1,0.0005454872428593387,0.0005575024160583516
1,0.00026224677996184446,0.0002741639463624632
1,0.0004555684734902703,0.0004674395776958926
1,0.0006083971801882714,0.0006202606345263918
1,0.00029877993225237723,0.00031060277358414443
1,0.00033615491475436613,0.0003479384421456426
1,0.00023149939640455314,0.00024323312355833452
1,0.0004437605895261806,0.0004554835570389239
1,0.0002351721373479868,0.0002468552795315883
1,0.0003829555456863835,0.00039444261328388565
1,0.000554149989123909,0.0005655781056114838
1,0.0003532782773247721,0.00036469037484954955
1,0.0005181231774648931,0.0005295131512002652
1,0.013475948898900204,0.013487164717400699
1,0.0002766974949155424,0.000287892762968138
1,0.0002851553334500134,0.0002962632330504317
1,0.0007862221811182422,0.0007972939403940338
1,0.0003277137655447519,0.00033878516618503614
1,0.00048356600933399706,0.0004946205554394386
1,0.00028864514406877744,0.00029960089208056476
1,0.0007113697524400574,0.0007222958107218074
1,0.00043566201895954554,0.00044644650298881496
1,0.0006666839596580668,0.0006773639698334127
1,0.0005371137242608014,0.0005477697566358769
1,0.0004650684024871319,0.00047553680961416215
1,0.0003605449244546948,0.00037094373284517993
1,0.0003795183256862446,0.00038986131880910246
1,0.00045022177272052006,0.0004605281312281158
1,0.0002799306711019782,0.0002901800127080502
1,0.00027611904942401877,0.00028635527167280656
1,0.0002522177439801226,0.000262316393351354
1,0.00034574742741319396,0.00035584018025322154
1,0.00027411483383271246,0.000284201578065558
1,0.0002632841224944991,0.00027333498367537333
1,0.000552329839721379,0.0005623641774403208
1,0.0002837190048845066,0.0002936996777669457
1,0.0003879197613235246,0.00039789119599146724
1,0.0006381744771356597,0.0006480655135663204
1,0.0004669082055327245,0.0004767907821132485
1,0.0007843029014332697,0.0007941633201067419
1,0.00047773286790658945,0.0004875748704853734
1,0.00036615275160271205,0.00037596420212715443
1,0.0004302976769423881,0.0004400449792672998
1,0.0006740403787268483,0.0006837769057191688
1,0.0007122073623415103,0.0007219294523717818
1,0.00030467258437018806,0.0003143629950733045
1,0.000437155050115165,0.0004468021442010839
1,0.000570759095319728,0.0005803414982652389
1,0.0003909528759845975,0.0004005049951749088
1,0.00030652397191249347,0.00031607283311436816
1,0.0003984335462328288,0.00040795919901227937
1,0.000331828756334067,0.0003412917911405045
1,0.0005330900959211305,0.0005425097338514659
1,0.00044585355291693957,0.0004552142583385137
1,0.0003683085914957941,0.0003776353852168283
1,0.00029636702118890183,0.0003056642577008537
1,0.00026920552292274017,0.00027848337868981724
1,0.000383641618210322,0.00039285859339655845
1,0.0004817099879107643,0.000490917694747398
1,0.0003150991362833745,0.0003242426652840639
1,0.0004610068621505176,0.00047009455596819927
1,0.00020175885772804925,0.0002108094611438974
1,0.0003039608354799521,0.00031298121857864796
1,0.000286136170451021,0.00029505944126485915
1,0.002515141569959813,0.002524015111782931
1,0.0008336339539279997,0.0008424635258275848
1,0.000318823006227088,0.0003276171368546478
1,0.0004575329403958802,0.00046630219903121743
1,0.0006795639901907624,0.0006883076857387105
1,0.00033976050812790443,0.0003485007469785355
1,0.0004936675166451441,0.0005024012872646967
1,0.0002879624531222696,0.0002966921566066465
1,0.00024268065734522567,0.0002513950294349975
1,0.00025328409876337573,0.00026199793517220864
1,0.0004294375853968158,0.00043804540695961257
1,0.0002684707820634437,0.0002770653616942086
1,0.00043147089974488546,0.0004400157074694359
1,0.0008335105935632622,0.000842045621760057
1,0.00036267346493043626,0.00037117854356929656
1,0.00026549696145944965,0.0002739968447292041
1,0.007051144137464397,0.007059533668429541
1,0.0008580551301068354,0.0008663800856466633
1,0.0004067992499924355,0.0004150182469437641
1,0.00036000852655603753,0.0003682201166329848
1,0.00041558284079563923,0.0004237911323013109
1,0.0006778088070519415,0.0006860024103153826
1,0.0004048806990476635,0.0004129270838964447
1,0.0008441825991881512,0.0008522203633436521
1,0.0003884850326881755,0.0003964781858297567
1,0.0005845956800046334,0.0005925260244666159
1,0.00034832366325409725,0.00035620528654481924
1,0.00041936919544002663,0.00042713156406788374
1,0.0007825233575428571,0.0007902666558397416
1,0.0006394736488867389,0.0006471795892372939
1,0.0022424302771690925,0.0022501110041407003
1,0.0002706403775746568,0.00027826077003830044
1,0.0008300787698487914,0.0008376891494194292
1,0.0003288577845444086,0.00033633225194617665
1,0.00037468244448332774,0.0003820366315962567
1,0.0003217894591022891,0.00032907294737275595
1,0.0006273181876062488,0.0006345622305473226
1,0.0002245655578160304,0.00023180600375915177
1,0.00030823131705535366,0.00031541984018043645
1,0.0004437710740034436,0.0004507665058571839
1,0.0005064463650160262,0.000513306544428324
1,0.0005633549497944995,0.000570177180496536
1,0.000369731673181369,0.00037649059141144363
1,0.00018099938650627508,0.00018773769908150153
1,0.0005447325597417619,0.0005513472704210167
1,0.0004824531403220194,0.0004889895028976204
1,0.0008366897429398206,0.0008432203525796691
1,0.00019961323768093455,0.00020595416478113386
1,0.0008890270550764177,0.0008953361311293277
1,0.00036018564196100704,0.00036647534272348957
1,0.0064226307039868405,0.006428892369842966
1,0.00031411269364287455,0.00032034299118985425
1,0.0008327675154147279,0.0008389704697527655
1,0.004453393441196174,0.0044595629251829695
1,0.00033471984577393784,0.00034075377189199575
1,0.0008602358340465817,0.0008662535464887667
1,0.0004908476509561826,0.0004968393667310177
1,0.00045097061114529136,0.0004569171390945059
1,0.0002164115611175267,0.0002223378757094701
1,0.00035654910404037517,0.00036241010562835835
1,0.0007325594535296792,0.0007384119959557636
1,0.00043848084540141705,0.0004443127024482927
1,0.00025982972081237625,0.0002656613757713132
1,0.0006163311098238983,0.0006221601985660186
1,0.00035408515947949766,0.0003598838356081262
1,0.00045839171782252684,0.00046417711821912397
1,0.0004281641827442729,0.0004339432159416799
1,0.0006411614718808911,0.0006469268714523805
1,0.00032992471314394667,0.00033545147472480765
1,0.00034884604101620073,0.0003543565489305349
1,0.0004807386339960891,0.00048618304283409207
1,0.00042931609018423563,0.000434735665471582
1,0.0003860879696864898,0.00039150701322732665
1,0.00034879910064263285,0.0003541112887852669
1,0.00032662763280454874,0.00033190482371752203
1,0.00039539535692869964,0.0004005235125415554
1,0.0004747733478694002,0.00047986411424717377
1,0.00036943820966331,0.00037447784540983124
1,0.00027155433067007896,0.00027657306316695784
1,0.0004737582888668059,0.00047872938474541316
1,0.0009074745694581598,0.0009124411052963836
1,0.00048820964662000014,0.0004930675736994443
1,0.0004433874261546137,0.00044823636269316844
1,0.000505622647314558,0.000510434030792075
1,0.00043602889858155273,0.00044083386642425223
1,0.00044407123750941446,0.0004488075822310273
1,0.0002348886289074673,0.00023961992751878798
1,0.0004476311337270624,0.0004523134511225338
1,0.0002755569178523088,0.0002802051937441784
1,0.003564233623779872,0.0035687553057588374
1,0.00033034242765556267,0.00033485714796557326
1,0.0004497965595240887,0.0004542371773323301
1,0.0002473170476605196,0.0002517425546724573
1,0.00023582196488495675,0.00024019417290266503
1,0.0003827563425519832,0.000387088662980391
1,0.00030306779391443166,0.0003073796450151035
1,0.0007155272601058529,0.0007198014223994222
1,0.00033351554336691754,0.00033776196817484423
1,0.0003747585910118862,0.0003789432173052015
1,0.00027423546456814617,0.00027840806650579844
1,0.00038071410158326533,0.0003848423011868797
1,0.00030795691760589645,0.00031204127316279115
1,0.0004878718299663228,0.0004919510704280136
1,0.0003279431694467094,0.0003319511500243659
1,0.0005839259786121537,0.0005879150923556507
1,0.0005839728663844879,0.0005879349150792152
1,0.00039555841530795904,0.00039951603797109696
1,0.0008617038115721114,0.0008656462444701625
1,0.0005574668634833219,0.0005613715746666395
1,0.000639773125235429,0.0006436562013635638
1,0.0006812707562751282,0.0006850993592949653
1,0.0004320547220402576,0.0004358380795926229
1,0.000694410043738078,0.0006981683316175123
1,0.00033322742711750305,0.0003369615717161725
1,0.00033491372313887365,0.0003385325362744194
1,0.0006973825087938285,0.0007008982053810546
1,0.0004106237968977904,0.00041409092576344934
1,0.00029762235580579714,0.0003010285834894928
1,0.0005177281116527133,0.0005211249465282083
1,0.0003890765488620537,0.0003924129536061275
1,0.0002239049725733105,0.00022722930034712395
1,0.0005341663580282659,0.0005374834829241534
1,0.00032077705240002075,0.00032409229311232987
1,0.000764447265508936,0.0007677519378652923
1,0.0006110056759079487,0.0006142821395207393
1,0.00048776401183990196,0.0004909995773890405
1,0.0004965084219603743,0.0004997397999892142
1,0.00030537367566177436,0.00030857873480473876
1,0.0005886109471115977,0.0005916561404735374
1,0.0003685909442809006,0.0003716332412246262
1,0.0003036651530513435,0.0003067008681688213
1,0.0002515954450683754,0.00025459474252891885
1,0.00042839039104918366,0.00043138150224209605
1,0.0004554876195465705,0.0004584371068725735
1,0.00046066250923021293,0.00046358991454371917
1,0.0007291488292685217,0.0007320442592658862
1,0.0014539989506421023,0.0014568904331645272
1,0.0003332918118900743,0.00033609437008168865
1,0.0002783001255871401,0.00028100667935905576
1,0.0007451810933133231,0.0007477752731523914
1,0.00040340392562008426,0.0004058622294556043
1,0.0006586773993007916,0.0006611342425907468
1,0.0002692915176384854,0.00027173579683217137
1,0.000526746169464056,0.0005291523535601751
1,0.00038421540715901926,0.0003866202840121361
1,0.00018672476376777977,0.00018909726555041827
1,0.0008992458787030098,0.0009015963140887315
1,0.00021356203113377152,0.00021586620605360828
1,0.00033541461257078064,0.00033771609841575455
1,0.00039719280037479746,0.0003994774280615043
1,0.0002719839037705445,0.000274235464568007
1,0.00023420967975772272,0.00023631261469963326
1,0.0005653899472687436,0.0005674120336662084
1,0.0005608412753594165,0.0005628568349797455
1,0.00032723907537672255,0.00032925344988535754
1,0.0004898237764639964,0.0004917789168014944
1,0.0002600406726812071,0.00026199078344103804
1,0.00037834090892586357,0.0003802798884869243
1,0.00032621782843383863,0.0003281056788497214
1,0.0002842549733200849,0.0002861415824537873
1,0.0004795091970522807,0.00048134547803230124
1,0.0003991942273547573,0.0004009959485838371
1,0.0003433198978693447,0.00034511504682807457
1,0.0007366298237391906,0.0007384228739943661
1,0.000859659543908871,0.0008614102706719721
1,0.0006253124165821868,0.0006270426016814327
1,0.0008665906179692989,0.0008682994500315011
1,0.00045035801777531636,0.00045202368696028317
1,0.000783574469651202,0.0007852066109762357
1,0.0008671377720162695,0.0008687672655695824
1,0.000424701935199641,0.00042631669479117006
1,0.00030552258415949846,0.00030707334321912027
1,0.0006010677403966687,0.0006025719736956766
1,0.0004720688069118579,0.00047343007921156157
1,0.00022040143465800298,0.00022172853499113665
1,0.0005731423379552246,0.0005744652770194098
1,0.0002819012672245762,0.0002832073804752983
1,0.0005878002376873306,0.0005890258278729067
1,0.00030397008884646174,0.0003051867851930867
1,0.0002589707865198714,0.0002600406726813541
1,0.000469073168282414,0.0004699869056666178
1,0.0014778443711049706,0.00147859068390744
1,0.0007546961608838014,0.0007554315730818023
1,0.0008709757617670157,0.0008717040247751092
1,0.0008960946359645055,0.0008968125099748709
1,0.00038400792547848347,0.0003846848024341679
1,0.0005071576840599099,0.0005078225713634267
1,0.0005550438701189106,0.0005556854589252022
1,0.0006027073613131165,0.0006032982636186638
1,0.0003700170522080094,0.00037059825291747085
1,0.00100281883457351,0.0010033897182618933
1,0.00040975868414946416,0.00041028764901499416
1,0.00026409762646666785,0.0002645613627789148
1,0.0006047071379743908,0.0006050622661535021
1,0.0007685486686052302,0.0007688496550019084
1,0.00048684455536309124,0.00048713058868082095
1,0.0004141134564237623,0.0004143368788605079
1,0.0004001281903892658,0.00040031937401642834
1,0.0003242043652810618,0.00032439490562375246
1,0.0005363384869116543,0.0005365116017109626
1,0.0005620681877752964,0.0005622046087835176
1,0.0004072278936482907,0.00040734091309447163
0,0.0,inf
0,0.0,0.029271083099438662
0,0.0,0.027310516282465044
0,0.0,0.024724909036294658
0,0.0,0.021963027552238525
0,0.0,0.02109910722451261
0,0.0,0.02094114625258685
0,0.0,0.020507719594697164
0,0.0,0.019616092487396087
0,0.0,0.019453822479248567
0,0.0,0.019278873392122847
0,0.0,0.01884692852132261
0,0.0,0.018234313182941667
0,0.0,0.018108974277316517
0,0.0,0.01767243325087646
0,0.0,0.017432696970656022
0,0.0,0.017229590051766955
0,0.0,0.01583392906288151
0,0.0,0.015387831021844262
0,0.0,0.014901497254572894
0,0.0,0.013376930396278245
0,0.0,0.012947560915499142
0,0.0,0.012673651103891438
0,0.0,0.012518778657475851
0,0.0,0.012403754569325203
0,0.0,0.01234658701362085
0,0.0,0.01186997963994462
0,0.0,0.011833628916912819
0,0.0,0.011773843677136214
0,0.0,0.011496405956751658
0,0.0,0.011267797709546319
0,0.0,0.011248761125475477
0,0.0,0.011170300876862183
0,0.0,0.011046425176139822
0,0.0,0.01101164454275414
0,0.0,0.011004661378418422
0,0.0,0.010942762125086781
0,0.0,0.01083695398244908
0,0.0,0.010808265638202912
0,0.0,0.01054482032314727
0,0.0,0.010387084447072757
0,0.0,0.01032006948492137
0,0.0,0.010134911995964701
0,0.0,0.010050188794178119
0,0.0,0.009780314212960477
0,0.0,0.009703612625536887
0,0.0,0.009584011343389013
0,0.0,0.009462928900716646
0,0.0,0.009250287702329833
0,0.0,0.009022939768097822
0,0.0,0.008963346113240943
0,0.0,0.008931693396998244
0,0.0,0.008728740912835254
0,0.0,0.008709098212873214
0,0.0,0.008317177168184411
0,0.0,0.008052004852490647
0,0.0,0.007908515813993974
0,0.0,0.007789639763110865
0,0.0,0.007749996978760239
0,0.0,0.007689057746626419
0,0.0,0.00753651571157408
0,0.0,0.007481301021629572
0,0.0,0.007221928288292037
0,0.0,0.007193531635343182
0,0.0,0.007045207930299804
0,0.0,0.006851386644705682
0,0.0,0.00682252668578166
0,0.0,0.006818637936644229
0,0.0,0.006792119423960678
0,0.0,0.006683453340379762
0,0.0,0.006682058157031734
0,0.0,0.006610668110497205
0,0.0,0.006380146345973709
0,0.0,0.006308891162642385
0,0.0,0.00623956190774206
0,0.0,0.006227259492993613
0,0.0,0.006188813276360096
0,0.0,0.006160708120653019
0,0.0,0.0060812184001186095
0,0.0,0.006011385798470214
0,0.0,0.005914392511425444
0,0.0,0.005902316916028593
0,0.0,0.005720605865750533
0,0.0,0.005637753779183118
0,0.0,0.005569995150251239
0,0.0,0.005547952010049967
0,0.0,0.005401521876302407
0,0.0,0.005242996388842518
0,0.0,0.0052157248959571745
0,0.0,0.005183514720817725
0,0.0,0.005115801139602921
0,0.0,0.005014817344416817
0,0.0,0.004895163933887868
0,0.0,0.004856262871880051
0,0.0,0.004801420280369432
0,0.0,0.004786618783061531
0,0.0,0.004771819180796812
0,0.0,0.0045673322969424415
0,0.0,0.004512836001503665
0,0.0,0.004437506179987492
0,0.0,0.004344069122567397
0,0.0,0.0043428386947486465
0,0.0,0.004331474760236923
0,0.0,0.00426767868036035
0,0.0,0.0041407860001465594
0,0.0,0.004110120512208349
0,0.0,0.004069146319747683
0,0.0,0.004029124151021276
0,0.0,0.003970729202206085
0,0.0,0.003937941841190099
0,0.0,0.003936499755156652
0,0.0,0.003913122673177077
0,0.0,0.003852927858751929
0,0.0,0.0038451850770066264
0,0.0,0.0038238253725341527
0,0.0,0.003815438122185052
0,0.0,0.003723914928499625
0,0.0,0.00370801430642604
0,0.0,0.0036441794877527826
0,0.0,0.003643089629855451
0,0.0,0.003604181456362673
0,0.0,0.0035510109313443136
0,0.0,0.003541449913787595
0,0.0,0.003433828931406846
0,0.0,0.00342995116912504
0,0.0,0.0033268969415138636
0,0.0,0.003319035266931457
0,0.0,0.003310857194350981
0,0.0,0.0033000425291962255
0,0.0,0.0032879910141444557
0,0.0,0.0032642550950825228
0,0.0,0.003258505246599117
0,0.0,0.003247662739159586
0,0.0,0.003227741573266505
0,0.0,0.0032138858463448446
0,0.0,0.0031968878032608227
0,0.0,0.003163863266084028
0,0.0,0.0031514818458178344
0,0.0,0.0031486462453937727
0,0.0,0.0031441256513381494
0,0.0,0.003108981686212323
0,0.0,0.0030402741863301192
0,0.0,0.0030026357823019576
0,0.0,0.0029782296946806136
0,0.0,0.0029679285999494806
0,0.0,0.0029544388813958844
0,0.0,0.0029451099091135167
0,0.0,0.0027844352522622805
0,0.0,0.002776095065322471
0,0.0,0.002766697239858177
0,0.0,0.002693805007764397
0,0.0,0.00268616388547541
0,0.0,0.0026654861555875935
0,0.0,0.0026172168378342615
0,0.0,0.0024501087710271587
0,0.0,0.0023765746931678614
0,0.0,0.002345501127344732
0,0.0,0.0023223359412981215
0,0.0,0.0022995406283546262
0,0.0,0.002293580831967395
0,0.0,0.00228878882002485
0,0.0,0.0022239486366442116
0,0.0,0.0022207179349136895
0,0.0,0.002120381774414614
0,0.0,0.0021062220427651413
0,0.0,0.0020828770158042393
0,0.0,0.002047954045006719
0,0.0,0.002015643343491402
0,0.0,0.002006263569837119
0,0.0,0.0019997199489832974
0,0.0,0.0019989741280312927
0,0.0,0.0019777749442254884
0,0.0,0.001955691385928571
0,0.0,0.0019258729788511786
0,0.0,0.0019098149429912878
0,0.0,0.001885892075025442
0,0.0,0.0018673444710563803
0,0.0,0.0017946296324696826
0,0.0,0.0017829540670702235
0,0.0,0.001766900249300637
0,0.0,0.0017655918313451906
0,0.0,0.001748832668517772
0,0.0,0.0017476029047745424
0,0.0,0.0017349003568700456
0,0.0,0.0017335249447207515
0,0.0,0.0017183274456986101
0,0.0,0.0017095386124838935
0,0.0,0.0017089216743357406
0,0.0,0.0016903974039234662
0,0.0,0.001674651763933117
0,0.0,0.001672369994286941
0,0.0,0.0016463342513283498
0,0.0,0.0016361836645991494
0,0.0,0.0016246954370875495
0,0.0,0.0016154153598699481
0,0.0,0.0016071563443255492
0,0.0,0.001607082638776489
0,0.0,0.001599264477177723
0,0.0,0.0015870348102101364
0,0.0,0.0015806949426465985
0,0.0,0.001579160503862564
0,0.0,0.001577517585043127
0,0.0,0.0015658559840796122
0,0.0,0.0015384302254171061
0,0.0,0.00151439859386488
0,0.0,0.0015023638841223166
0,0.0,0.0014928819063324806
0,0.0,0.0014688034026689998
0,0.0,0.0014631814512067291
0,0.0,0.0014473443919222806
0,0.0,0.0014429478701665699
0,0.0,0.001426897257318141
0,0.0,0.001414176043360629
0,0.0,0.0014121420921040181
0,0.0,0.0014018420805563976
0,0.0,0.0013837331807851903
0,0.0,0.0013829534175117297
0,0.0,0.001382797938485614
0,0.0,0.001382377702565073
0,0.0,0.001380428213251881
0,0.0,0.0013605977274452708
0,0.0,0.0013544826806382308
0,0.0,0.0013541373055103543
0,0.0,0.0013387622573003868
0,0.0,0.0013137657862662838
0,0.0,0.0013135766721036118
0,0.0,0.0013120354387967828
0,0.0,0.0013093250496704718
0,0.0,0.0013091561085916636
0,0.0,0.0012979377363434217
0,0.0,0.0012974782828666187
0,0.0,0.0012927663415200842
0,0.0,0.0012747075624714738
0,0.0,0.0012712209610882704
0,0.0,0.0012654877266981587
0,0.0,0.0012640837787982998
0,0.0,0.001263022762378023
0,0.0,0.0012610269310444286
0,0.0,0.0012562280406658631
0,0.0,0.001251326358734478
0,0.0,0.0012497366375570072
0,0.0,0.0012363485081639321
0,0.0,0.0012355336141302534
0,0.0,0.0012197240300129925
0,0.0,0.001217923224123074
0,0.0,0.0012165571833479226
0,0.0,0.0011995876649202762
0,0.0,0.0011923130550107284
0,0.0,0.0011875474136996207
0,0.0,0.0011840452189668842
0,0.0,0.0011821351006039737
0,0.0,0.001181651174054511
0,0.0,0.001158958651949894
0,0.0,0.0011474500809768075
0,0.0,0.0011299481751998808
0,0.0,0.0011282352532948209
0,0.0,0.0011282192701885477
0,0.0,0.0011250121874579278
0,0.0,0.00111720520693852
0,0.0,0.001116979458513296
0,0.0,0.00111316901711645
0,0.0,0.001109421476715996
0,0.0,0.001108538254229026
0,0.0,0.001105557536117954
0,0.0,0.0010968294294665221
0,0.0,0.0010884520309649409
0,0.0,0.0010757746418284609
0,0.0,0.0010676797750109545
0,0.0,0.0010654765150073294
0,0.0,0.001064379394957854
0,0.0,0.0010591848725773814
0,0.0,0.0010484318329854316
0,0.0,0.0010398028635762013
0,0.0,0.0010395442535105618
0,0.0,0.0010386320225635659
0,0.0,0.0010362423588662641
0,0.0,0.0010346167028257901
0,0.0,0.0010342436309337746
0,0.0,0.001033704244405985
0,0.0,0.001033417256982513
0,0.0,0.0010234826189961003
0,0.0,0.0010193459318756344
0,0.0,0.0010181004856329213
0,0.0,0.0010128706157605729
0,0.0,0.001011473383887803
0,0.0,0.0010040151705277794
0,0.0,0.0009966987093172894
0,0.0,0.0009866851508797273
0,0.0,0.000984595294824442
0,0.0,0.0009833605043988607
0,0.0,0.0009828629878184342
0,0.0,0.0009827008212545231
0,0.0,0.0009820949194010776
0,0.0,0.0009804952235654015
0,0.0,0.000979752928885129
0,0.0,0.0009789933590024231
0,0.0,0.0009784079649165541
0,0.0,0.0009740989359275014
0,0.0,0.0009719256839234549
0,0.0,0.0009717190383700661
0,0.0,0.0009683907994022124
0,0.0,0.0009642219863823168
0,0.0,0.0009623832353904332
0,0.0,0.0009616305229672506
0,0.0,0.0009597458792963999
0,0.0,0.000959179766229477
0,0.0,0.0009588325935884742
0,0.0,0.0009580666447591765
0,0.0,0.0009498839062750487
0,0.0,0.0009493632430889089
0,0.0,0.0009482418350210854
0,0.0,0.0009481416645421819
0,0.0,0.0009445786354304528
0,0.0,0.0009432933289442164
0,0.0,0.00093658301427464
0,0.0,0.000935663202319242
0,0.0,0.0009334851191990716
0,0.0,0.0009317019856733325
0,0.0,0.0009233584462692533
0,0.0,0.0009222353219507295
0,0.0,0.0009222174531092733
0,0.0,0.0009207039686174464
0,0.0,0.0009179712751397715
0,0.0,0.0009104285166770408
0,0.0,0.0009066966958189732
0,0.0,0.0009020189085999229
0,0.0,0.0009014995204553762
0,0.0,0.0009005161760178711
0,0.0,0.0008993273579285211
0,0.0,0.0008936780877336621
0,0.0,0.000890076469819997
0,0.0,0.0008874634629083845
0,0.0,0.0008782711237744163
0,0.0,0.0008725487086953376
0,0.0,0.0008714649034986552
0,0.0,0.0008702440797871997
0,0.0,0.0008676685475726663
0,0.0,0.0008671126063056802
0,0.0,0.0008669347042076938
0,0.0,0.0008633068568113343
0,0.0,0.0008617397331100995
0,0.0,0.0008551487364208266
0,0.0,0.000854494799279305
0,0.0,0.0008504026034510336
0,0.0,0.0008434291180027258
0,0.0,0.0008429818553285321
0,0.0,0.0008403371605744227
0,0.0,0.0008388606569244648
0,0.0,0.0008388391996178396
0,0.0,0.0008368040703402273
0,0.0,0.0008364323539358516
0,0.0,0.0008360668650697558
0,0.0,0.0008349116113633308
0,0.0,0.0008323543353007144
0,0.0,0.0008229395878235221
0,0.0,0.0008167768776671543
0,0.0,0.0008161803331436723
0,0.0,0.000813503287699178
0,0.0,0.0008121369787816058
0,0.0,0.0008108495912287501
0,0.0,0.0008101869435059209
0,0.0,0.0008098180915039761
0,0.0,0.0008074098588876373
0,0.0,0.0008068647521759634
0,0.0,0.0008066804051224956
0,0.0,0.0007979871541160682
0,0.0,0.0007961376532911298
0,0.0,0.000795787981539865
0,0.0,0.0007932113082261072
0,0.0,0.0007920492044722507
0,0.0,0.0007868852371443141
0,0.0,0.0007862746294214476
0,0.0,0.0007838528955059373
0,0.0,0.0007836916238300248
0,0.0,0.0007831340617525567
0,0.0,0.0007806795864087749
0,0.0,0.0007803590241545514
0,0.0,0.0007760100781007391
0,0.0,0.0007759254721443983
0,0.0,0.0007723967629309196
0,0.0,0.0007693066342077876
0,0.0,0.0007683868650631827
0,0.0,0.0007675472069787655
0,0.0,0.000767504335239907
0,0.0,0.0007674577288011463
0,0.0,0.0007658198946047819
0,0.0,0.0007648776357311814
0,0.0,0.0007612555027275158
0,0.0,0.0007609968188311342
0,0.0,0.0007607180631203021
0,0.0,0.0007592897255959192
0,0.0,0.000758415537551883
0,0.0,0.000758270698097998
0,0.0,0.0007558232654148954
0,0.0,0.0007551146637880499
0,0.0,0.0007550195362857236
0,0.0,0.0007536566147770075
0,0.0,0.0007501535801853925
0,0.0,0.0007481399727769751
0,0.0,0.0007451313413731138
0,0.0,0.0007422833112611212
0,0.0,0.0007417091847770703
0,0.0,0.0007395049348084121
0,0.0,0.0007384965212646155
0,0.0,0.0007379148634063832
0,0.0,0.000737896379097659
0,0.0,0.0007373514193341849
0,0.0,0.000737328607758809
0,0.0,0.0007367136549446688
0,0.0,0.0007357367404908072
0,0.0,0.0007356609329084143
0,0.0,0.0007356105010739914
0,0.0,0.000733398390420966
0,0.0,0.0007329219409991966
0,0.0,0.0007317302088403954
0,0.0,0.0007306472836057706
0,0.0,0.0007303316101242695
0,0.0,0.000729846159830043
0,0.0,0.0007279490483969839
0,0.0,0.0007274226399799507
0,0.0,0.0007270267445429095
0,0.0,0.0007266032070586177
0,0.0,0.0007236997823750339
0,0.0,0.0007232796777164206
0,0.0,0.0007216074930048911
0,0.0,0.0007212827883875865
0,0.0,0.000719084289442247
0,0.0,0.000717503553863934
0,0.0,0.0007143257796996816
0,0.0,0.000713213765600077
0,0.0,0.000712589602547209
0,0.0,0.0007122457142141596
0,0.0,0.0007109144931768092
0,0.0,0.0007104397012580895
0,0.0,0.0007102831270654651
0,0.0,0.0007083937799999258
0,0.0,0.0007064567587735101
0,0.0,0.0007063883248226658
0,0.0,0.0007032261350576677
0,0.0,0.0007030054823752973
0,0.0,0.000700447264229901
0,0.0,0.0006981301391908661
0,0.0,0.0006979264684746613
0,0.0,0.0006965477843216761
0,0.0,0.0006946918731058401
0,0.0,0.0006945983442963953
0,0.0,0.0006943244943723297
0,0.0,0.0006922272267891393
0,0.0,0.0006919056663120483
0,0.0,0.0006911146606635264
0,0.0,0.0006906773451369966
0,0.0,0.0006905830133286462
0,0.0,0.0006893451246872475
0,0.0,0.000687588909722256
0,0.0,0.0006867264806350412
0,0.0,0.0006860291934103984
0,0.0,0.000685779849996329
0,0.0,0.0006852353437755463
0,0.0,0.0006847378054157786
0,0.0,0.0006846928347675472
0,0.0,0.0006846324896986886
0,0.0,0.0006833906489380683
0,0.0,0.000682156187274285
0,0.0,0.0006818420399914454
0,0.0,0.0006811324329759055
0,0.0,0.0006802427754193266
0,0.0,0.0006800401287016285
0,0.0,0.0006788588021142
0,0.0,0.0006779846326037408
0,0.0,0.0006765595599833981
0,0.0,0.0006751292719024403
0,0.0,0.0006744016146785993
0,0.0,0.0006732610615393671
0,0.0,0.0006731716618224639
0,0.0,0.0006715617744557962
0,0.0,0.0006714982043341998
0,0.0,0.0006706329287148449
0,0.0,0.0006684318436340508
0,0.0,0.0006667114697915045
0,0.0,0.0006665003001614193
0,0.0,0.0006659366109497975
0,0.0,0.0006653330745991363
0,0.0,0.0006643851634712972
0,0.0,0.0006608002707174026
0,0.0,0.0006606903479663206
0,0.0,0.0006598892378702875
0,0.0,0.0006577521069531366
0,0.0,0.0006563825469654833
0,0.0,0.0006561531076168955
0,0.0,0.000652397582346539
0,0.0,0.0006521840354605896
0,0.0,0.0006519733681088187
0,0.0,0.0006513460921132228
0,0.0,0.0006506018349340136
0,0.0,0.0006500267805522451
0,0.0,0.0006499118432754975
0,0.0,0.0006498864543641967
0,0.0,0.0006496911487159048
0,0.0,0.0006489579936550652
0,0.0,0.0006483996560485182
0,0.0,0.0006478519377021607
0,0.0,0.0006478016703939531
0,0.0,0.0006467307762282037
0,0.0,0.0006447890003402845
0,0.0,0.0006441051154657551
0,0.0,0.0006426876510052524
0,0.0,0.0006414792934528266
0,0.0,0.0006403952194746274
0,0.0,0.0006401081990766411
0,0.0,0.0006398369380531351
0,0.0,0.0006390616715049246
0,0.0,0.0006379124153357725
0,0.0,0.0006365231857666604
0,0.0,0.0006364936815553516
0,0.0,0.0006359636903773755
0,0.0,0.000635653325729019
0,0.0,0.0006335872406613254
0,0.0,0.000633543361155316
0,0.0,0.0006334166288875375
0,0.0,0.0006331830351112486
0,0.0,0.0006330318792047745
0,0.0,0.0006329902495938065
0,0.0,0.0006328259173745522
0,0.0,0.0006326060341639122
0,0.0,0.0006319832674016469
0,0.0,0.0006313890592668633
0,0.0,0.0006306352191508186
0,0.0,0.0006293991443778891
0,0.0,0.0006282745422788957
0,0.0,0.0006281568001676631
0,0.0,0.0006274876003168555
0,0.0,0.0006272440003480088
0,0.0,0.0006265333183563095
0,0.0,0.0006263552595600763
0,0.0,0.0006259164130419085
0,0.0,0.0006258364805338225
0,0.0,0.0006247692649021231
0,0.0,0.0006244041045048728
0,0.0,0.0006208774344681962
0,0.0,0.0006207045518756082
0,0.0,0.0006188533803730737
0,0.0,0.0006188101796982433
0,0.0,0.0006184138664923561
0,0.0,0.0006171600355394125
0,0.0,0.0006163834391097259
0,0.0,0.0006161517250871722
0,0.0,0.000614114798492794
0,0.0,0.0006136100603467119
0,0.0,0.0006134878950387974
0,0.0,0.0006133977572306378
0,0.0,0.0006122225316268251
0,0.0,0.0006120684097568126
0,0.0,0.000611142736333274
0,0.0,0.0006095197818033335
0,0.0,0.0006092873394282507
0,0.0,0.0006092594718430753
0,0.0,0.0006076937205029599
0,0.0,0.0006060283874141926
0,0.0,0.0006054966835191253
0,0.0,0.0006050912621924279
0,0.0,0.0006048807062815976
0,0.0,0.0006027635275256337
0,0.0,0.0006021416078091831
0,0.0,0.0006020828251934716
0,0.0,0.0006004265672004077
0,0.0,0.000599646325592756
0,0.0,0.000598503987934842
0,0.0,0.0005972243252234346
0,0.0,0.0005963007440757805
0,0.0,0.0005947656962381481
0,0.0,0.0005945695657980832
0,0.0,0.0005942192469809227
0,0.0,0.000593799547253053
0,0.0,0.0005936413351823212
0,0.0,0.0005934935797589295
0,0.0,0.0005931808752365398
0,0.0,0.0005928332544573918
0,0.0,0.0005928062209924028
0,0.0,0.0005917612268036763
0,0.0,0.0005914484882596109
0,0.0,0.0005914204365374348
0,0.0,0.0005912370462892682
0,0.0,0.0005897941387381366
0,0.0,0.0005891723571209344
0,0.0,0.0005891201694812746
0,0.0,0.0005889240220726521
0,0.0,0.0005888820371299123
0,0.0,0.0005886431103815192
0,0.0,0.0005886185749511366
0,0.0,0.0005882989590268809
0,0.0,0.000588072002217963
0,0.0,0.0005876806428412173
0,0.0,0.0005876792100608562
0,0.0,0.0005873225049270004
0,0.0,0.0005863430948794101
0,0.0,0.0005860075594578309
0,0.0,0.0005846891604678498
0,0.0,0.0005845596333912691
0,0.0,0.0005833501936434457
0,0.0,0.0005829440564788781
0,0.0,0.000582718210440349
0,0.0,0.0005815145233218772
0,0.0,0.0005804856753544719
0,0.0,0.0005797260647508204
0,0.0,0.0005789840136961623
0,0.0,0.0005780048173768082
0,0.0,0.0005773439571085451
0,0.0,0.0005771824496869722
0,0.0,0.0005770762523633638
0,0.0,0.0005763230422378893
0,0.0,0.0005754625649728684
0,0.0,0.0005752410184057807
0,0.0,0.0005747986524707258
0,0.0,0.000573280668843675
0,0.0,0.0005731655097384918
0,0.0,0.0005730035047346812
0,0.0,0.0005727100436055398
0,0.0,0.0005724808598966531
0,0.0,0.0005708423384034265
0,0.0,0.0005704633469102734
0,0.0,0.0005699438832897923
0,0.0,0.0005686380145903189
0,0.0,0.0005684692223238226
0,0.0,0.0005680118063191786
0,0.0,0.0005657333755581627
0,0.0,0.0005656812914910102
0,0.0,0.0005656285509921279
0,0.0,0.0005648379853386916
0,0.0,0.0005647557650820325
0,0.0,0.0005647035804999372
0,0.0,0.0005643475511453203
0,0.0,0.0005639388866082941
0,0.0,0.0005636896754004341
0,0.0,0.0005617954818505642
0,0.0,0.0005613285982605658
0,0.0,0.0005608766533998787
0,0.0,0.0005599821546859975
0,0.0,0.0005593876195551215
0,0.0,0.0005586267180811202
0,0.0,0.0005582166884820753
0,0.0,0.0005581334243394151
0,0.0,0.0005577923879116187
0,0.0,0.0005577724694217715
0,0.0,0.0005570645576214605
0,0.0,0.0005570355765273816
0,0.0,0.0005557873211752187
0,0.0,0.0005554623816545053
0,0.0,0.0005553084250630267
0,0.0,0.0005548781646776102
0,0.0,0.0005545177055342427
0,0.0,0.0005541404130797166
0,0.0,0.000551573370532952
0,0.0,0.0005504793985844969
0,0.0,0.000550033439700065
0,0.0,0.0005495960342971531
0,0.0,0.000549339140101934
0,0.0,0.0005489255905778979
0,0.0,0.0005488771631815737
0,0.0,0.0005487578516616933
0,0.0,0.0005481912139153774
0,0.0,0.0005474701459041273
0,0.0,0.0005471025872735902
0,0.0,0.0005470596383174417
0,0.0,0.0005470245948867422
0,0.0,0.000546872615121901
0,0.0,0.0005467763785053954
0,0.0,0.0005465791958509035
0,0.0,0.0005465736105258827
0,0.0,0.0005457442394806287
0,0.0,0.0005451671268208728
0,0.0,0.0005443503121916231
0,0.0,0.000543999158807857
0,0.0,0.0005438264841626802
0,0.0,0.0005434912331126294
0,0.0,0.0005434059951842698
0,0.0,0.0005433525257545723
0,0.0,0.0005433182375119665
0,0.0,0.0005430058632217008
0,0.0,0.0005411376311204872
0,0.0,0.0005411213593940422
0,0.0,0.0005409931429270483
0,0.0,0.0005408997473196215
0,0.0,0.0005405251960981626
0,0.0,0.0005395940918096165
0,0.0,0.0005391380815997366
0,0.0,0.000539024531033765
0,0.0,0.0005386403587037408
0,0.0,0.0005385255344947283
0,0.0,0.0005383844526837731
0,0.0,0.000537739990685524
0,0.0,0.000537229708121315
0,0.0,0.0005367987938761129
0,0.0,0.000535684489462937
0,0.0,0.0005349735353048594
0,0.0,0.0005349340568404376
0,0.0,0.0005347955735123856
0,0.0,0.0005339368311691592
0,0.0,0.0005339341572644274
0,0.0,0.000532860884432374
0,0.0,0.0005324953668363433
0,0.0,0.0005323413090326431
0,0.0,0.000532254688045889
0,0.0,0.0005317644174318209
0,0.0,0.0005313704058383414
0,0.0,0.0005312272755658301
0,0.0,0.000530770771698576
0,0.0,0.0005304678156388222
0,0.0,0.0005297219346096103
0,0.0,0.0005295428685734882
0,0.0,0.0005293279863647459
0,0.0,0.000529269769804311
0,0.0,0.0005281351489612669
0,0.0,0.000527926741365842
0,0.0,0.0005276983269490625
0,0.0,0.0005276341801123535
0,0.0,0.0005266460350700759
0,0.0,0.0005258473151710344
0,0.0,0.0005257590092034887
0,0.0,0.0005254759478029712
0,0.0,0.0005253887872290634
0,0.0,0.0005252416318645733
0,0.0,0.0005251098208642202
0,0.0,0.0005247276748591817
0,0.0,0.0005246981783766287
0,0.0,0.0005239428260474737
0,0.0,0.0005239011456053454
0,0.0,0.0005237616927396116
0,0.0,0.0005235474698874756
0,0.0,0.0005232938004276667
0,0.0,0.000522842350554964
0,0.0,0.0005226792162566294
0,0.0,0.000522089105642713
0,0.0,0.0005217742519930438
0,0.0,0.000521426428477841
0,0.0,0.0005214253646722805
0,0.0,0.0005212782749221814
0,0.0,0.0005202135822620373
0,0.0,0.0005197190048597111
0,0.0,0.0005194491612641496
0,0.0,0.0005194014130360005
0,0.0,0.0005193315447370075
0,0.0,0.0005183262265836997
0,0.0,0.0005179087159134814
0,0.0,0.0005176302135897828
0,0.0,0.0005171661089012725
0,0.0,0.0005166929723242899
0,0.0,0.0005164476072790338
0,0.0,0.0005162570556145157
0,0.0,0.0005152264880975657
0,0.0,0.0005151547258633889
0,0.0,0.0005146332297846864
0,0.0,0.0005141751576281736
0,0.0,0.0005137842689793147
0,0.0,0.0005136122978934799
0,0.0,0.0005129485982143291
0,0.0,0.0005129485982141882
0,0.0,0.0005128888097455672
0,0.0,0.0005127673549610418
0,0.0,0.0005127518359195487
0,0.0,0.0005124928713377982
0,0.0,0.0005123279295766732
0,0.0,0.0005121324984574738
0,0.0,0.0005120111734028745
0,0.0,0.0005117614355509291
0,0.0,0.0005114228545393841
0,0.0,0.000511163539622407
0,0.0,0.0005111065311278723
0,0.0,0.0005107691245296178
0,0.0,0.0005105890115190977
0,0.0,0.0005096456527530252
0,0.0,0.0005096199211809787
0,0.0,0.000509614732178872
0,0.0,0.0005095041474927682
0,0.0,0.0005093304509552272
0,0.0,0.0005092925900059736
0,0.0,0.0005091108404290543
0,0.0,0.0005087938088983749
0,0.0,0.0005083387698158862
0,0.0,0.0005082921631064581
0,0.0,0.0005078823556604828
0,0.0,0.0005052184911666426
0,0.0,0.0005045920372609802
0,0.0,0.000503985462234784
0,0.0,0.0005036033497823733
0,0.0,0.0005034989765932076
0,0.0,0.0005023062523800417
0,0.0,0.0005012453866487682
0,0.0,0.0005008289005085997
0,0.0,0.0005008225940281161
0,0.0,0.0005004304550538039
0,0.0,0.0005001843336988477
0,0.0,0.0004988427759972145
0,0.0,0.0004984250435155057
0,0.0,0.0004980270815838223
0,0.0,0.0004975560147744009
0,0.0,0.0004973858450949995
0,0.0,0.0004970362869088646
0,0.0,0.0004968392285180275
0,0.0,0.0004963356168239695
0,0.0,0.0004963292291729241
0,0.0,0.0004952270533035548
0,0.0,0.0004950275604281056
0,0.0,0.0004949965646638232
0,0.0,0.0004949208037059586
0,0.0,0.0004944631166247078
0,0.0,0.0004941505177441765
0,0.0,0.0004932719156712633
0,0.0,0.0004931047898902423
0,0.0,0.0004930520205221198
0,0.0,0.0004929913571470706
0,0.0,0.000491461137745008
0,0.0,0.0004910749343321022
0,0.0,0.0004903739968355168
0,0.0,0.0004895706817849496
0,0.0,0.0004889202238651427
0,0.0,0.0004887742144151808
0,0.0,0.00048770181835944406
0,0.0,0.000487395283930673
0,0.0,0.0004872584997014148
0,0.0,0.00048654124829310234
0,0.0,0.00048639279549624493
0,0.0,0.000485846955440163
0,0.0,0.0004850639986942317
0,0.0,0.00048497300064547443
0,0.0,0.00048481500324727944
0,0.0,0.00048451511862521846
0,0.0,0.00048439825435621906
0,0.0,0.0004842584355706367
0,0.0,0.00048410282498095837
0,0.0,0.0004840875510273043
0,0.0,0.00048384818777798976
0,0.0,0.00048372518507810086
0,0.0,0.0004828288898364659
0,0.0,0.00048269487958752704
0,0.0,0.00048237918506184395
0,0.0,0.00048215290571279053
0,0.0,0.0004816669107747469
0,0.0,0.0004815487237635076
0,0.0,0.00047993217835275517
0,0.0,0.0004784615643573115
0,0.0,0.0004781539586141916
0,0.0,0.0004778010431055922
0,0.0,0.00047766850510837407
0,0.0,0.00047766585694749696
0,0.0,0.0004773741525800735
0,0.0,0.00047733013758910736
0,0.0,0.000477212993985378
0,0.0,0.0004763356738793174
0,0.0,0.00047603502693591235
0,0.0,0.0004755544750365572
0,0.0,0.0004750179630721572
0,0.0,0.00047458659559190326
0,0.0,0.0004742123600359244
0,0.0,0.0004740769302842052
0,0.0,0.0004740508543987916
0,0.0,0.0004730397065888135
0,0.0,0.0004726164084876235
0,0.0,0.00047229581767025693
0,0.0,0.0004718776900418924
0,0.0,0.00047184565307878135
0,0.0,0.0004714133258497228
0,0.0,0.0004713131758718859
0,0.0,0.0004711265852902845
0,0.0,0.000470905865101268
0,0.0,0.00047070460440402353
0,0.0,0.00047028038253394766
0,0.0,0.0004702803825339279
0,0.0,0.0004700521046549893
0,0.0,0.0004694649877868316
0,0.0,0.00046823352243538686
0,0.0,0.0004680680630421211
0,0.0,0.00046796519975428113
0,0.0,0.0004677434384756195
0,0.0,0.0004671738532391261
0,0.0,0.0004671406909424919
0,0.0,0.00046689760564366946
0,0.0,0.00046668507208407796
0,0.0,0.0004662552093694589
0,0.0,0.0004654827838297117
0,0.0,0.00046544599830933183
0,0.0,0.0004653064639655462
0,0.0,0.0004652568307287817
0,0.0,0.0004651697608901981
0,0.0,0.0004649118828108721
0,0.0,0.00046467472814836695
0,0.0,0.0004644861026838544
0,0.0,0.00046375568959464245
0,0.0,0.0004630237517550187
0,0.0,0.00046272097651597595
0,0.0,0.0004611653251883557
0,0.0,0.0004595692938801419
0,0.0,0.000459517213466199
0,0.0,0.00045938194819175235
0,0.0,0.000458518466806064
0,0.0,0.0004583532248845962
0,0.0,0.00045792992992021905
0,0.0,0.00045780319023632524
0,0.0,0.00045778167527946406
0,0.0,0.00045709541777798763
0,0.0,0.0004568096696728348
0,0.0,0.0004565938942385309
0,0.0,0.0004564966478707414
0,0.0,0.00045645874730825345
0,0.0,0.00045626987778989625
0,0.0,0.0004561108141028915
0,0.0,0.0004557525963754719
0,0.0,0.00045458210890102766
0,0.0,0.0004540929974063596
0,0.0,0.0004539391113653285
0,0.0,0.000453649433027607
0,0.0,0.0004533460107375108
0,0.0,0.000453271453453851
0,0.0,0.00045310101579607926
0,0.0,0.0004527843714521295
0,0.0,0.0004526408527345226
0,0.0,0.00045231062499971576
0,0.0,0.0004519120041817475
0,0.0,0.0004513344371998603
0,0.0,0.0004504507785629559
0,0.0,0.0004498809795654135
0,0.0,0.0004496594254170652
0,0.0,0.000449608159055436
0,0.0,0.0004493499349353349
0,0.0,0.0004483506972781587
0,0.0,0.0004479076472689488
0,0.0,0.00044762113449292227
0,0.0,0.0004474861204279205
0,0.0,0.00044721157750628946
0,0.0,0.0004471055019694384
0,0.0,0.00044668991194760224
0,0.0,0.000446391999293964
0,0.0,0.00044561062994558884
0,0.0,0.00044547966960745155
0,0.0,0.0004452717637520121
0,0.0,0.0004451975285977111
0,0.0,0.00044508141190438013
0,0.0,0.00044488234439754603
0,0.0,0.0004447154933933878
0,0.0,0.0004438742096394164
0,0.0,0.00044364066260773596
0,0.0,0.0004432839156498295
0,0.0,0.00044317658549821977
0,0.0,0.00044303687030379323
0,0.0,0.0004429795765896747
0,0.0,0.00044275730765063956
0,0.0,0.00044248118983111865
0,0.0,0.0004421705399256973
0,0.0,0.00044213535880481867
0,0.0,0.00044213477062097324
0,0.0,0.000442031448843438
0,0.0,0.0004415678616063538
0,0.0,0.00044140499658944975
0,0.0,0.00044133039274674634
0,0.0,0.00044130050142207296
0,0.0,0.00044123452569833234
0,0.0,0.00044114665210366806
0,0.0,0.0004409279141715007
0,0.0,0.00044026810524071914
0,0.0,0.00044003085788306314
0,0.0,0.0004393803524795148
0,0.0,0.00043929000201263903
0,0.0,0.0004384342622576518
0,0.0,0.00043792623274503526
0,0.0,0.0004369595056680892
0,0.0,0.00043673364916063195
0,0.0,0.0004366642129301519
0,0.0,0.0004363802959866772
0,0.0,0.0004362779265077254
0,0.0,0.0004362424495468313
0,0.0,0.0004358165007557803
0,0.0,0.00043533812899852704
0,0.0,0.00043521889404199714
0,0.0,0.00043426728662404243
0,0.0,0.00043403721472430297
0,0.0,0.0004339592389110256
0,0.0,0.0004335981072150605
0,0.0,0.0004335666332370494
0,0.0,0.00043324314827796384
0,0.0,0.000433207493406746
0,0.0,0.00043276399607359916
0,0.0,0.0004326982176251104
0,0.0,0.0004326656570865814
0,0.0,0.00043157872323788387
0,0.0,0.0004313815022419184
0,0.0,0.0004313082981219294
0,0.0,0.00043088318052646467
0,0.0,0.00043058494851779596
0,0.0,0.0004302407935183029
0,0.0,0.000430204818703825
0,0.0,0.0004301944947332103
0,0.0,0.0004297401583147286
0,0.0,0.00042965090724189197
0,0.0,0.0004293313267208778
0,0.0,0.0004293293465579966
0,0.0,0.00042926756486150495
0,0.0,0.00042893009172837
0,0.0,0.00042883553948625046
0,0.0,0.0004281454935783583
0,0.0,0.00042771440218491004
0,0.0,0.00042750139500725433
0,0.0,0.00042749306914400295
0,0.0,0.00042683253677814866
0,0.0,0.00042625141664929107
0,0.0,0.0004262353644888116
0,0.0,0.0004260468296559324
0,0.0,0.0004256968701708037
0,0.0,0.00042544894401950616
0,0.0,0.0004251770495795855
0,0.0,0.00042512323589468434
0,0.0,0.0004246492358272874
0,0.0,0.0004245923193112097
0,0.0,0.0004239369152888245
0,0.0,0.0004233233778023594
0,0.0,0.000423280496445741
0,0.0,0.00042312509783328027
0,0.0,0.00042311422194737713
0,0.0,0.0004223936313620304
0,0.0,0.00042234422631983804
0,0.0,0.00042217940314594914
0,0.0,0.00042158070126722095
0,0.0,0.00042130245508470215
0,0.0,0.00042125314682434697
0,0.0,0.0004209623321329295
0,0.0,0.0004208745713567949
0,0.0,0.00042082808560198377
0,0.0,0.0004207547373748892
0,0.0,0.0004207008964868256
0,0.0,0.0004206168291517392
0,0.0,0.0004205608052131258
0,0.0,0.00042036109102891104
0,0.0,0.0004202114862813068
0,0.0,0.00041990010592609126
0,0.0,0.00041934324024064837
0,0.0,0.00041932952258744014
0,0.0,0.00041930994385487954
0,0.0,0.0004192148921309563
0,0.0,0.00041918543960059153
0,0.0,0.0004190728163970962
0,0.0,0.00041864215113549084
0,0.0,0.00041843529471895333
0,0.0,0.00041826499982535814
0,0.0,0.0004179197273988984
0,0.0,0.0004177568017648262
0,0.0,0.0004177171540661701
0,0.0,0.00041756154202406213
0,0.0,0.00041746031003000967
0,0.0,0.00041702978880552775
0,0.0,0.0004169559360322313
0,0.0,0.0004167251338492349
0,0.0,0.00041634228552720463
0,0.0,0.00041633946225477255
0,0.0,0.00041614149481773396
0,0.0,0.00041606999515375587
0,0.0,0.0004160246430652861
0,0.0,0.000415957353256052
0,0.0,0.000415894179279962
0,0.0,0.0004156520947293627
0,0.0,0.0004154855839978319
0,0.0,0.00041422216731606373
0,0.0,0.0004140374034157454
0,0.0,0.00041370353524152305
0,0.0,0.0004136301458585779
0,0.0,0.0004134819444399855
0,0.0,0.0004132871335702538
0,0.0,0.00041314031030987664
0,0.0,0.0004128824719354655
0,0.0,0.0004128049045981966
0,0.0,0.00041263580442991017
0,0.0,0.0004125544793979781
0,0.0,0.00041240791178498047
0,0.0,0.0004123949506351447
0,0.0,0.0004118707175157142
0,0.0,0.000411550469531843
0,0.0,0.00041141885504649296
0,0.0,0.0004107455067174222
0,0.0,0.0004106708189256245
0,0.0,0.0004102873687602644
0,0.0,0.0004100990602182956
0,0.0,0.0004100232518834685
0,0.0,0.0004099141990982424
0,0.0,0.00040990282683403843
0,0.0,0.0004098743460140608
0,0.0,0.0004098368374943228
0,0.0,0.00040976181015521095
0,0.0,0.0004096194171889041
0,0.0,0.0004094448831075834
0,0.0,0.0004093077116007156
0,0.0,0.00040900208156687885
0,0.0,0.00040879015093134893
0,0.0,0.00040878520164737056
0,0.0,0.0004086549072181388
0,0.0,0.00040790554060733507
0,0.0,0.00040773988823306095
0,0.0,0.000407142198851667
0,0.0,0.00040706968996838985
0,0.0,0.00040706968996827503
0,0.0,0.0004069568065674101
0,0.0,0.000406794873369428
0,0.0,0.0004065065346351228
0,0.0,0.000406113183121828
0,0.0,0.0004061131831218234
0,0.0,0.0004060130235271107
0,0.0,0.00040572762131742545
0,0.0,0.00040565516058903913
0,0.0,0.00040563593324093554
0,0.0,0.00040553648875145274
0,0.0,0.00040546391907381966
0,0.0,0.0004049612720851772
0,0.0,0.0004048699209967971
0,0.0,0.0004048406034912923
0,0.0,0.0004047549063515447
0,0.0,0.00040469928207367004
0,0.0,0.00040466075436498865
0,0.0,0.00040462246866025393
0,0.0,0.00040456490732399604
0,0.0,0.0004043162496541859
0,0.0,0.00040401896715234245
0,0.0,0.0004038985870787362
0,0.0,0.00040370389121216797
0,0.0,0.00040370276750750956
0,0.0,0.00040357115575627146
0,0.0,0.0004034712365162588
0,0.0,0.0004034044283475669
0,0.0,0.00040317624960216293
0,0.0,0.00040308805862564884
0,0.0,0.0004030864793213741
0,0.0,0.00040302476453280114
0,0.0,0.0004026876835388749
0,0.0,0.0004019876726404313
0,0.0,0.0004018836491525731
0,0.0,0.00040063088085905965
0,0.0,0.0004001966936104689
0,0.0,0.0004000907398147474
0,0.0,0.00040008165599215886
0,0.0,0.00039993626461986816
0,0.0,0.0003996890328041135
0,0.0,0.0003996555466107395
0,0.0,0.0003986828343495114
0,0.0,0.0003986141852071454
0,0.0,0.0003985142819816417
0,0.0,0.00039850204919288757
0,0.0,0.00039842699276753215
0,0.0,0.00039825895918314705
0,0.0,0.0003976135107680073
0,0.0,0.00039758100091986514
0,0.0,0.0003972879160100538
0,0.0,0.00039711210031943784
0,0.0,0.0003968184557595407
0,0.0,0.0003968128742115225
0,0.0,0.0003966325475979543
0,0.0,0.0003965076806530369
0,0.0,0.0003965008165256162
0,0.0,0.00039629367321583863
0,0.0,0.00039603709072400363
0,0.0,0.00039583748697975054
0,0.0,0.0003957594644787532
0,0.0,0.0003957426422789805
0,0.0,0.000395703604780319
0,0.0,0.0003956370362888812
0,0.0,0.0003952871729608771
0,0.0,0.00039512155094077647
0,0.0,0.0003951175794725034
0,0.0,0.0003950132971117399
0,0.0,0.00039471481702248407
0,0.0,0.00039469918122651647
0,0.0,0.0003946739153136333
0,0.0,0.00039450312126305926
0,0.0,0.00039423572006951047
0,0.0,0.0003940706789468695
0,0.0,0.00039371039803662793
0,0.0,0.0003934805463154744
0,0.0,0.0003934560271840764
0,0.0,0.0003929186399070686
0,0.0,0.0003928332234265402
0,0.0,0.000392515496902215
0,0.0,0.0003923654718535361
0,0.0,0.00039204593916475615
0,0.0,0.0003918105939073925
0,0.0,0.000391692868251784
0,0.0,0.0003916885257873798
0,0.0,0.00039167099940426035
0,0.0,0.0003915857782636311
0,0.0,0.0003915465077645398
0,0.0,0.0003915358456483422
0,0.0,0.00039137876004722856
0,0.0,0.00039068476329651337
0,0.0,0.0003906354124350614
0,0.0,0.00039059583958582093
0,0.0,0.00039041453224449534
0,0.0,0.0003903854603931577
0,0.0,0.0003902982002926156
0,0.0,0.0003900409781251005
0,0.0,0.0003899607239793632
0,0.0,0.000389922580525069
0,0.0,0.0003897841034483833
0,0.0,0.00038970676032809505
0,0.0,0.00038969493918337457
0,0.0,0.00038908970827360444
0,0.0,0.0003890859834092974
0,0.0,0.0003890754657242958
0,0.0,0.00038896627975344147
0,0.0,0.00038841417030409544
0,0.0,0.00038785696145241986
0,0.0,0.0003878097651833625
0,0.0,0.0003875780566209158
0,0.0,0.0003870838550637414
0,0.0,0.00038695022233350447
0,0.0,0.0003867296801873712
0,0.0,0.00038620832755377813
0,0.0,0.0003859201532881271
0,0.0,0.0003859160511427022
0,0.0,0.00038591005431199587
0,0.0,0.0003858404753368245
0,0.0,0.00038583055898646593
0,0.0,0.000385282268301427
0,0.0,0.0003851664000268915
0,0.0,0.00038513491473531194
0,0.0,0.00038495502693519884
0,0.0,0.0003848438945844178
0,0.0,0.00038443930238723795
0,0.0,0.0003843553147621984
0,0.0,0.0003842867839082281
0,0.0,0.0003841672979384304
0,0.0,0.0003841573571453158
0,0.0,0.000383973528421134
0,0.0,0.0003834305383751472
0,0.0,0.00038332070186796754
0,0.0,0.0003831628435885191
0,0.0,0.00038315793467806765
0,0.0,0.00038303782874458443
0,0.0,0.00038267728476941264
0,0.0,0.00038266209920518083
0,0.0,0.0003825142193801143
0,0.0,0.0003824826108186672
0,0.0,0.0003822762815314858
0,0.0,0.000382273808481367
0,0.0,0.00038216894040741996
0,0.0,0.00038147155271692104
0,0.0,0.0003814408904097926
0,0.0,0.00038140057535509186
0,0.0,0.0003813500456098671
0,0.0,0.00038122112749163016
0,0.0,0.0003808768346966898
0,0.0,0.0003807352371713363
0,0.0,0.00038046331349884173
0,0.0,0.0003802252535811972
0,0.0,0.0003802087856171948
0,0.0,0.0003799246993845888
0,0.0,0.0003799213515951802
0,0.0,0.0003799211369113645
0,0.0,0.00037976691548163594
0,0.0,0.00037967689314659484
0,0.0,0.0003793728691921966
0,0.0,0.0003793688898872851
0,0.0,0.0003793686596352533
0,0.0,0.0003791705909218037
0,0.0,0.00037907116327699276
0,0.0,0.00037904182893942236
0,0.0,0.0003787696402387347
0,0.0,0.0003784195578736266
0,0.0,0.0003783463762905485
0,0.0,0.0003781749163924748
0,0.0,0.0003779301165503474
0,0.0,0.00037736768311079247
0,0.0,0.0003773486927292401
0,0.0,0.000377095421910477
0,0.0,0.00037699294646263823
0,0.0,0.0003769497054600714
0,0.0,0.00037693231834672134
0,0.0,0.0003765314321765909
0,0.0,0.00037625253406914117
0,0.0,0.0003761710557468027
0,0.0,0.0003759438793049807
0,0.0,0.00037587851747851366
0,0.0,0.00037584288028134937
0,0.0,0.00037538286744389396
0,0.0,0.00037537690291722777
0,0.0,0.00037534560213238407
0,0.0,0.0003751813395736201
0,0.0,0.00037458799383882277
0,0.0,0.0003743623042279603
0,0.0,0.00037426320600905243
0,0.0,0.00037418791887011536
0,0.0,0.0003741249836592616
0,0.0,0.00037410531211787203
0,0.0,0.0003740664939689251
0,0.0,0.00037404298366188664
0,0.0,0.0003739020691284576
0,0.0,0.0003738567860313738
0,0.0,0.0003736778946626138
0,0.0,0.00037362015620727326
0,0.0,0.00037357948516814017
0,0.0,0.0003735724858758162
0,0.0,0.00037323852921502604
0,0.0,0.00037322199280428667
0,0.0,0.00037307997084833874
0,0.0,0.0003729074237791085
0,0.0,0.0003727875751406968
0,0.0,0.0003726825244737827
0,0.0,0.00037245167318815695
0,0.0,0.0003718466941173563
0,0.0,0.0003716931990030807
0,0.0,0.0003714920062584384
0,0.0,0.00037130976072351977
0,0.0,0.00037088540387189556
0,0.0,0.00037081867455110424
0,0.0,0.000370725516516924
0,0.0,0.0003706102757363602
0,0.0,0.0003705684720844492
0,0.0,0.00037052103323408504
0,0.0,0.00037026105226401016
0,0.0,0.0003702105873139308
0,0.0,0.0003701194777983923
0,0.0,0.00036997328270193706
0,0.0,0.00036991980895559025
0,0.0,0.00036985848948729123
0,0.0,0.0003697876807994883
0,0.0,0.00036977326045745394
0,0.0,0.00036959001820033267
0,0.0,0.00036946869228689705
0,0.0,0.0003694379854384618
0,0.0,0.0003689769167602077
0,0.0,0.00036881022286559394
0,0.0,0.0003687194667831104
0,0.0,0.0003685407816189186
0,0.0,0.0003683245419737373
0,0.0,0.0003682992594556762
0,0.0,0.00036795204838528526
0,0.0,0.00036788258406601445
0,0.0,0.00036774377755395516
0,0.0,0.0003677299530471441
0,0.0,0.0003677157817068932
0,0.0,0.0003675882615545302
0,0.0,0.00036743712441633734
0,0.0,0.000367377476365212
0,0.0,0.0003668458958516144
0,0.0,0.0003668298317629067
0,0.0,0.0003668288680307399
0,0.0,0.00036670064906258745
0,0.0,0.0003663217311042525
0,0.0,0.0003662796603066595
0,0.0,0.00036626600635334403
0,0.0,0.0003661978802175064
0,0.0,0.00036606812135728814
0,0.0,0.00036603148673662643
0,0.0,0.00036596480990941875
0,0.0,0.00036533597278842707
0,0.0,0.00036522051864511425
0,0.0,0.00036513589404581887
0,0.0,0.00036496592083189817
0,0.0,0.0003648078406415485
0,0.0,0.00036476545808665516
0,0.0,0.000364073784769668
0,0.0,0.00036404419971446014
0,0.0,0.00036402736031500586
0,0.0,0.00036378929652057073
0,0.0,0.000363746795288618
0,0.0,0.0003635989913150884
0,0.0,0.00036284297812762224
0,0.0,0.0003624723019994538
0,0.0,0.0003623650687885996
0,0.0,0.00036232275364168605
0,0.0,0.00036210906007501506
0,0.0,0.0003620328626481793
0,0.0,0.0003618283557062573
0,0.0,0.00036162022676830194
0,0.0,0.00036156969202223184
0,0.0,0.0003614068940693037
0,0.0,0.0003612777859290772
0,0.0,0.0003612754586892926
0,0.0,0.00036106545691522477
0,0.0,0.0003610581162680058
0,0.0,0.0003609264376782109
0,0.0,0.00036086976184560563
0,0.0,0.0003606287312629561
0,0.0,0.0003605478255643068
0,0.0,0.00036048157147041695
0,0.0,0.00036046253926479263
0,0.0,0.0003600019333771145
0,0.0,0.00035991671573268097
0,0.0,0.0003598361376436924
0,0.0,0.00035981942936366804
0,0.0,0.000359772235313062
0,0.0,0.00035971209432609564
0,0.0,0.00035956890470381165
0,0.0,0.00035927667381026323
0,0.0,0.0003592266210421263
0,0.0,0.0003586737441352753
0,0.0,0.0003585077001072674
0,0.0,0.00035803679600502307
0,0.0,0.00035794014220184996
0,0.0,0.0003578611512907061
0,0.0,0.0003577636300528543
0,0.0,0.00035772032512870923
0,0.0,0.0003575223750553745
0,0.0,0.0003574216912224807
0,0.0,0.0003572183249204544
0,0.0,0.0003572065713166981
0,0.0,0.000357113478514248
0,0.0,0.00035656385331167214
0,0.0,0.00035614418729733164
0,0.0,0.00035550499507368445
0,0.0,0.00035535187482293003
0,0.0,0.00035531927427282287
0,0.0,0.0003551562042171017
0,0.0,0.0003548068551393829
0,0.0,0.0003547389764196783
0,0.0,0.0003541829298368805
0,0.0,0.00035407380277300074
0,0.0,0.0003539383828721323
0,0.0,0.00035384496171040724
0,0.0,0.000353735962984978
0,0.0,0.00035358238759253225
0,0.0,0.00035328923202404295
0,0.0,0.0003532066896394553
0,0.0,0.00035226619644756563
0,0.0,0.0003522497872409224
0,0.0,0.0003522287895568543
0,0.0,0.00035211774470109445
0,0.0,0.0003520969427284791
0,0.0,0.000351853094329017
0,0.0,0.00035168295187443564
0,0.0,0.00035154140035000784
0,0.0,0.00035120843946051083
0,0.0,0.00035112020721704415
0,0.0,0.00035101253238936474
0,0.0,0.00035098595028286737
0,0.0,0.00035082401589909553
0,0.0,0.00035057754294174373
0,0.0,0.0003505435365969546
0,0.0,0.0003504514420078812
0,0.0,0.0003503755896872887
0,0.0,0.000350296868782323
0,0.0,0.00034996185645079367
0,0.0,0.00034987010685855245
0,0.0,0.00034971900420858413
0,0.0,0.0003497052515380503
0,0.0,0.00034951839386610146
0,0.0,0.0003491198326659703
0,0.0,0.00034908449873208606
0,0.0,0.000348930698119627
0,0.0,0.0003488429719842154
0,0.0,0.00034872192098733124
0,0.0,0.0003484122163668075
0,0.0,0.0003483164070173405
0,0.0,0.00034800732223188446
0,0.0,0.00034797325729657143
0,0.0,0.00034796922544846193
0,0.0,0.000347433234591342
0,0.0,0.00034739400696292416
0,0.0,0.0003470370646576077
0,0.0,0.0003470344753289594
0,0.0,0.00034686326828390116
0,0.0,0.00034681896126566926
0,0.0,0.00034681896126553395
0,0.0,0.0003467464820685743
0,0.0,0.00034656943509146304
0,0.0,0.0003462322884906949
0,0.0,0.0003460581823895821
0,0.0,0.0003460191021001709
0,0.0,0.0003459934067375912
0,0.0,0.00034592301032463653
0,0.0,0.0003451150468280943
0,0.0,0.000345115046827978
0,0.0,0.00034500529582551204
0,0.0,0.000344891164192182
0,0.0,0.0003445437893297502
0,0.0,0.0003443083880384454
0,0.0,0.000344268622747593
0,0.0,0.0003440487114820278
0,0.0,0.00034399906617003196
0,0.0,0.00034378512446035927
0,0.0,0.0003437695639399098
0,0.0,0.0003436543465488198
0,0.0,0.00034336697943733745
0,0.0,0.0003430861905445095
0,0.0,0.0003430136084694888
0,0.0,0.0003426964906928648
0,0.0,0.00034258476111000813
0,0.0,0.0003422480069658967
0,0.0,0.0003422441402504739
0,0.0,0.00034220332116825265
0,0.0,0.00034220323262263477
0,0.0,0.0003421993375927969
0,0.0,0.0003421783725984657
0,0.0,0.0003417866081196979
0,0.0,0.0003416197814333934
0,0.0,0.0003412091987632776
0,0.0,0.00034101737800058867
0,0.0,0.0003409449562868743
0,0.0,0.0003407088027367146
0,0.0,0.0003407023794371433
0,0.0,0.0003406203990170474
0,0.0,0.0003405640780820247
0,0.0,0.0003400931224892937
0,0.0,0.00033998516660237014
0,0.0,0.0003394747772230335
0,0.0,0.00033946513977223855
0,0.0,0.0003393252561227829
0,0.0,0.00033927198521589686
0,0.0,0.00033923096020212657
0,0.0,0.0003392263196949203
0,0.0,0.00033900941577850416
0,0.0,0.00033895240309354563
0,0.0,0.00033856286842134323
0,0.0,0.0003385160004687006
0,0.0,0.00033850649389711236
0,0.0,0.00033837978567122256
0,0.0,0.00033803685085216173
0,0.0,0.0003379621250205261
0,0.0,0.0003379242934993032
0,0.0,0.000337646355598245
0,0.0,0.0003373299748518968
0,0.0,0.00033720340230956213
0,0.0,0.00033700736362886184
0,0.0,0.0003369169000216414
0,0.0,0.00033691629286275655
0,0.0,0.00033673407743950846
0,0.0,0.00033672817240667884
0,0.0,0.00033664294667646173
0,0.0,0.0003361411951478641
0,0.0,0.0003356754541540523
0,0.0,0.0003356341327700548
0,0.0,0.00033554489662959404
0,0.0,0.00033543872718540415
0,0.0,0.0003350894663230706
0,0.0,0.0003348600001138199
0,0.0,0.00033467406585892126
0,0.0,0.0003345663957659602
0,0.0,0.0003344892162041637
0,0.0,0.0003343969407346525
0,0.0,0.0003343534309451916
0,0.0,0.00033430613560535375
0,0.0,0.0003343061356052984
0,0.0,0.000334075117586198
0,0.0,0.0003340348544255405
0,0.0,0.00033398314599092317
0,0.0,0.0003337798872137693
0,0.0,0.0003337141385154053
0,0.0,0.000333687234918394
0,0.0,0.0003336452609652927
0,0.0,0.00033345914081415676
0,0.0,0.0003334023805528219
0,0.0,0.00033333794543757004
0,0.0,0.00033325176919920033
0,0.0,0.0003331995256326552
0,0.0,0.00033276762814994925
0,0.0,0.0003327053227536605
0,0.0,0.0003324915869343947
0,0.0,0.00033230947696347526
0,0.0,0.0003323054305994272
0,0.0,0.00033196018111781775
0,0.0,0.00033191514708886844
0,0.0,0.0003316376646823981
0,0.0,0.0003312746334167633
0,0.0,0.000331107928884254
0,0.0,0.0003310374472073723
0,0.0,0.0003308840040030762
0,0.0,0.0003307488655565135
0,0.0,0.00033059736494596556
0,0.0,0.00033055096857165814
0,0.0,0.0003302793093172658
0,0.0,0.0003300640100524585
0,0.0,0.00032995981014809743
0,0.0,0.0003299577661873526
0,0.0,0.00032993593283546643
0,0.0,0.0003299129508404984
0,0.0,0.00032987485582629516
0,0.0,0.00032986457094000304
0,0.0,0.00032957481612031793
0,0.0,0.00032953783650565183
0,0.0,0.00032944399118503537
0,0.0,0.00032943288511828476
0,0.0,0.0003293423686616214
0,0.0,0.00032899455986042293
0,0.0,0.0003287364024285949
0,0.0,0.00032868438839920845
0,0.0,0.00032859896275536294
0,0.0,0.0003282485394901983
0,0.0,0.00032822445533573614
0,0.0,0.00032799668518075723
0,0.0,0.0003279154630229794
0,0.0,0.00032771413929374613
0,0.0,0.0003276347360508186
0,0.0,0.0003269475885556363
0,0.0,0.0003269270498560623
0,0.0,0.0003269153216475604
0,0.0,0.00032689998406909803
0,0.0,0.00032686182256584287
0,0.0,0.0003266575892342588
0,0.0,0.00032655568760409277
0,0.0,0.00032653082316693604
0,0.0,0.00032645440677277156
0,0.0,0.0003264122332782483
0,0.0,0.0003263784887531421
0,0.0,0.00032634504215352494
0,0.0,0.00032623605868369894
0,0.0,0.00032612761276210967
0,0.0,0.0003258103933799917
0,0.0,0.0003257952412280184
0,0.0,0.00032576084203137423
0,0.0,0.0003256617217940596
0,0.0,0.0003253172616971359
0,0.0,0.00032497572319732253
0,0.0,0.00032461748369146343
0,0.0,0.0003242898587440743
0,0.0,0.000324223757540441
0,0.0,0.0003237752395266427
0,0.0,0.00032349958153664543
0,0.0,0.0003234223836253087
0,0.0,0.0003233265689639268
0,0.0,0.00032324260958536933
0,0.0,0.0003231314520361597
0,0.0,0.0003226446198228584
0,0.0,0.00032256004318573033
0,0.0,0.0003225323357469388
0,0.0,0.0003225033930563757
0,0.0,0.0003223886154270954
0,0.0,0.00032213581226090934
0,0.0,0.0003216931581996535
0,0.0,0.00032167968199460115
0,0.0,0.00032145645586127784
0,0.0,0.000321215900945691
0,0.0,0.000321188445169582
0,0.0,0.00032097645558947375
0,0.0,0.0003209701752668373
0,0.0,0.00032077878974088865
0,0.0,0.0003207287535134139
0,0.0,0.0003204970282035128
0,0.0,0.00032043937843168486
0,0.0,0.00032041797702496346
0,0.0,0.0003203667284926187
0,0.0,0.00032029343425230196
0,0.0,0.0003199688283826093
0,0.0,0.00031959731946495365
0,0.0,0.000319478009734756
0,0.0,0.00031930274515231435
0,0.0,0.00031921039762917454
0,0.0,0.0003191947517337564
0,0.0,0.0003190767080204659
0,0.0,0.00031907670802040034
0,0.0,0.00031904940995580765
0,0.0,0.00031903349231310395
0,0.0,0.0003189851230888893
0,0.0,0.00031888437725722477
0,0.0,0.00031882092392541934
0,0.0,0.00031857974004651565
0,0.0,0.00031852383155839373
0,0.0,0.00031848064344339655
0,0.0,0.0003184349420357642
0,0.0,0.00031839529837238953
0,0.0,0.00031838660311306116
0,0.0,0.00031798154038165967
0,0.0,0.0003179635897626695
0,0.0,0.0003178244776181806
0,0.0,0.0003178067216428602
0,0.0,0.0003177294830233168
0,0.0,0.00031772794778213035
0,0.0,0.00031771090058162665
0,0.0,0.0003176711197424219
0,0.0,0.0003176131730735552
0,0.0,0.00031742699621906687
0,0.0,0.00031732407702073827
0,0.0,0.0003171777210698315
0,0.0,0.0003170237489667584
0,0.0,0.0003169509716346758
0,0.0,0.0003169387639236821
0,0.0,0.00031678385356942126
0,0.0,0.0003163453307595434
0,0.0,0.0003162445524612232
0,0.0,0.0003161173865118909
0,0.0,0.0003160044332470656
0,0.0,0.0003159751350464177
0,0.0,0.0003159236871145895
0,0.0,0.0003158613788010494
0,0.0,0.0003155968216435562
0,0.0,0.00031549212323175434
0,0.0,0.0003153640554787106
0,0.0,0.00031517416692860987
0,0.0,0.0003151739756385764
0,0.0,0.0003150998419196489
0,0.0,0.00031497193340564476
0,0.0,0.0003141893622494438
0,0.0,0.00031416184671326263
0,0.0,0.00031411269364292957
0,0.0,0.00031391307728180344
0,0.0,0.0003138442082712216
0,0.0,0.00031379353572227707
0,0.0,0.0003132757892026967
0,0.0,0.00031320645656301397
0,0.0,0.0003131285385297174
0,0.0,0.000313102647262223
0,0.0,0.00031291250393463755
0,0.0,0.0003129059348678879
0,0.0,0.000312372872342819
0,0.0,0.00031219079571576845
0,0.0,0.0003121225233277312
0,0.0,0.0003119756424290323
0,0.0,0.0003119385225860392
0,0.0,0.0003118632847313377
0,0.0,0.00031141607260756386
0,0.0,0.00031139817251405507
0,0.0,0.00031126679590058625
0,0.0,0.0003111340022506423
0,0.0,0.00031110013623029866
0,0.0,0.00031103958239637975
0,0.0,0.0003108609558794367
0,0.0,0.0003106640854624473
0,0.0,0.0003104510408766659
0,0.0,0.00031032088091459073
0,0.0,0.00031021840470849487
0,0.0,0.0003102049587060425
0,0.0,0.00031017122048591884
0,0.0,0.0003101552103335915
0,0.0,0.0003100714067357444
0,0.0,0.0003100527792037244
0,0.0,0.00030975668114827977
0,0.0,0.00030941426615595165
0,0.0,0.0003092693671929442
0,0.0,0.00030920786482082886
0,0.0,0.00030899491507534947
0,0.0,0.00030892123063156146
0,0.0,0.0003089167677188212
0,0.0,0.00030845790527652924
0,0.0,0.0003083696299097901
0,0.0,0.0003083194354551898
0,0.0,0.0003082338449672366
0,0.0,0.00030811509209951186
0,0.0,0.00030786980079127975
0,0.0,0.00030780269143366497
0,0.0,0.0003077061178921247
0,0.0,0.0003076622404088401
0,0.0,0.00030764416583998154
0,0.0,0.00030760574075079915
0,0.0,0.00030739337573961487
0,0.0,0.00030729300238943813
0,0.0,0.0003070742558525868
0,0.0,0.0003069810974957475
0,0.0,0.00030655745184819964
0,0.0,0.000306438501505629
0,0.0,0.00030613634350121617
0,0.0,0.0003059855739263843
0,0.0,0.0003055846280732156
0,0.0,0.0003055400580584112
0,0.0,0.0003054447169537892
0,0.0,0.00030542401336524516
0,0.0,0.00030513104389986973
0,0.0,0.0003049818081711245
0,0.0,0.0003049692663342657
0,0.0,0.00030467168873158236
0,0.0,0.00030462864673519636
0,0.0,0.00030448044610474883
0,0.0,0.00030442809173775377
0,0.0,0.00030432546109686006
0,0.0,0.0003038630796176873
0,0.0,0.00030376683232843373
0,0.0,0.00030371701712389064
0,0.0,0.0003035634397160134
0,0.0,0.00030345408872154344
0,0.0,0.00030340303225798046
0,0.0,0.0003032483975465975
0,0.0,0.0003031687660291487
0,0.0,0.0003030046362983491
0,0.0,0.0003028436420970961
0,0.0,0.0003027483417595956
0,0.0,0.0003027386984106097
0,0.0,0.00030249338481556535
0,0.0,0.0003021505108253103
0,0.0,0.00030210687567007764
0,0.0,0.00030197943285278846
0,0.0,0.0003018743767120075
0,0.0,0.00030166197094748024
0,0.0,0.0003015808947319225
0,0.0,0.0003015744026251859
0,0.0,0.0003015491550245435
0,0.0,0.000301541322037773
0,0.0,0.0003013682998577405
0,0.0,0.00030119959998893927
0,0.0,0.0003011632873851049
0,0.0,0.00030113120104273585
0,0.0,0.00030111526853102426
0,0.0,0.00030108220867994647
0,0.0,0.0003010044936587627
0,0.0,0.0003009292844972212
0,0.0,0.00030087459153639595
0,0.0,0.00030061306232305094
0,0.0,0.0003005833819673668
0,0.0,0.00030049162142778223
0,0.0,0.0003004379751223239
0,0.0,0.0003004269116326272
0,0.0,0.0003001819563497511
0,0.0,0.0003001634949331429
0,0.0,0.0003001436789890782
0,0.0,0.00030003321477931603
0,0.0,0.00029990779721698397
0,0.0,0.00029964210386919664
0,0.0,0.00029962122252869867
0,0.0,0.0002992904783637073
0,0.0,0.00029916893410189603
0,0.0,0.0002990272425430248
0,0.0,0.0002989351291801646
0,0.0,0.0002989341512218657
0,0.0,0.0002989277401949265
0,0.0,0.00029891189398745894
0,0.0,0.0002988961249657653
0,0.0,0.0002988473669415455
0,0.0,0.0002985551810783725
0,0.0,0.000298551666042597
0,0.0,0.00029839714951432236
0,0.0,0.00029798471372663687
0,0.0,0.00029797556667319016
0,0.0,0.0002975513700490948
0,0.0,0.00029752004006177677
0,0.0,0.00029723550871304995
0,0.0,0.00029710638669543235
0,0.0,0.00029698898833927244
0,0.0,0.0002967954812125074
0,0.0,0.0002967953010770106
0,0.0,0.0002966067635026888
0,0.0,0.00029588789722447944
0,0.0,0.00029553569550881957
0,0.0,0.0002955001296696467
0,0.0,0.00029513739373163253
0,0.0,0.00029510337251632146
0,0.0,0.00029505134163070577
0,0.0,0.0002950003620529933
0,0.0,0.00029494741194510004
0,0.0,0.0002948210274109948
0,0.0,0.0002948027174491475
0,0.0,0.0002947692661299317
0,0.0,0.0002945948466051265
0,0.0,0.00029454544879284594
0,0.0,0.00029447512008531055
0,0.0,0.00029428169742059585
0,0.0,0.0002942674407665777
0,0.0,0.00029412750541278013
0,0.0,0.00029405769915715493
0,0.0,0.0002938533702614352
0,0.0,0.00029366456792960933
0,0.0,0.0002936645679295883
0,0.0,0.00029331698535528706
0,0.0,0.00029296472510747525
0,0.0,0.0002928327517138209
0,0.0,0.0002928076254132654
0,0.0,0.0002928014145781397
0,0.0,0.00029278024920330667
0,0.0,0.0002924650362110654
0,0.0,0.00029234592988991914
0,0.0,0.0002921872330917826
0,0.0,0.00029198257348134524
0,0.0,0.0002918632514686576
0,0.0,0.00029179345540892893
0,0.0,0.00029142269649022834
0,0.0,0.00029141801975264754
0,0.0,0.0002913695317179647
0,0.0,0.00029131731673639745
0,0.0,0.0002912995723741776
0,0.0,0.00029126436439267896
0,0.0,0.0002912332363141785
0,0.0,0.00029120600224946875
0,0.0,0.0002911943530923588
0,0.0,0.0002911851055435742
0,0.0,0.0002910266374470947
0,0.0,0.00029102663744706925
0,0.0,0.00029074926604334667
0,0.0,0.00029065654256351433
0,0.0,0.0002904567508685762
0,0.0,0.0002903352990472768
0,0.0,0.0002901800127082029
0,0.0,0.0002900585823735566
0,0.0,0.0002900344216727084
0,0.0,0.0002899985082833333
0,0.0,0.0002899713758495809
0,0.0,0.00028986189091028693
0,0.0,0.00028971882481877915
0,0.0,0.0002896537149444957
0,0.0,0.0002895965224657923
0,0.0,0.00028954775053080035
0,0.0,0.00028948329805891863
0,0.0,0.0002894304292248679
0,0.0,0.00028936408619861873
0,0.0,0.0002893158057183412
0,0.0,0.0002892408923562342
0,0.0,0.00028916594006300593
0,0.0,0.00028901185420923735
0,0.0,0.00028893115645363767
0,0.0,0.00028869244517356116
0,0.0,0.00028853017687538836
0,0.0,0.00028839971514902605
0,0.0,0.00028817945430869554
0,0.0,0.00028810803646244886
0,0.0,0.0002880840993325272
0,0.0,0.00028791350717568794
0,0.0,0.0002878022514669423
0,0.0,0.00028774883109519787
0,0.0,0.0002876006913490043
0,0.0,0.0002873724903114899
0,0.0,0.00028722080626724576
0,0.0,0.00028710884832541887
0,0.0,0.00028710884832532205
0,0.0,0.0002870502635344018
0,0.0,0.00028693447542724654
0,0.0,0.00028687574322693385
0,0.0,0.000286778933156521
0,0.0,0.00028667190612038603
0,0.0,0.0002866635620769477
0,0.0,0.0002865065341370372
0,0.0,0.0002864585730526249
0,0.0,0.00028640472239444903
0,0.0,0.0002863564034920118
0,0.0,0.0002863508616093927
0,0.0,0.00028634733580824374
0,0.0,0.00028628551849709416
0,0.0,0.00028583041624331384
0,0.0,0.0002857592419157873
0,0.0,0.0002857051771638827
0,0.0,0.0002856588790299832
0,0.0,0.00028559546283186667
0,0.0,0.00028548760266451065
0,0.0,0.00028544230668742953
0,0.0,0.0002854065159601579
0,0.0,0.000285324370732004
0,0.0,0.00028522282579760257
0,0.0,0.00028489297469461253
0,0.0,0.0002848927713673971
0,0.0,0.0002848100695564508
0,0.0,0.00028473730893819384
0,0.0,0.0002846830060277608
0,0.0,0.0002844534447900659
0,0.0,0.0002842531442683475
0,0.0,0.0002841328243698699
0,0.0,0.0002840119686094878
0,0.0,0.00028398312127168347
0,0.0,0.00028393733427790966
0,0.0,0.0002838622182223209
0,0.0,0.0002837519855637984
0,0.0,0.000283659447533596
0,0.0,0.00028344230356277384
0,0.0,0.0002833927302682293
0,0.0,0.00028338834028663533
0,0.0,0.00028331611436121286
0,0.0,0.0002831549418310911
0,0.0,0.0002830082711225881
0,0.0,0.00028287285098588347
0,0.0,0.0002828522134108902
0,0.0,0.0002828125143247573
0,0.0,0.00028279098947542433
0,0.0,0.0002825748422978259
0,0.0,0.00028257345791288686
0,0.0,0.0002825023304391523
0,0.0,0.00028249704322138794
0,0.0,0.0002824603359112406
0,0.0,0.00028244589434535416
0,0.0,0.0002823917676254331
0,0.0,0.0002823215684496922
0,0.0,0.0002823001116179767
0,0.0,0.000282266870867268
0,0.0,0.0002819662838330625
0,0.0,0.0002817193109513747
0,0.0,0.0002816283978670174
0,0.0,0.0002815636481237896
0,0.0,0.00028137402821293034
0,0.0,0.00028133538491365045
0,0.0,0.00028121140678441883
0,0.0,0.00028121007324416675
0,0.0,0.00028113218539002594
0,0.0,0.0002811155755766671
0,0.0,0.0002809522154222405
0,0.0,0.0002809067337303162
0,0.0,0.0002807860105403738
0,0.0,0.00028074786233183894
0,0.0,0.0002806760041985081
0,0.0,0.0002805654401919068
0,0.0,0.000280556156013524
0,0.0,0.0002805109168375033
0,0.0,0.00028036841611121566
0,0.0,0.0002803630124425328
0,0.0,0.00028035625949219433
0,0.0,0.00028023555511712923
0,0.0,0.00028014713530760476
0,0.0,0.0002801357669222106
0,0.0,0.0002801237784616082
0,0.0,0.0002800685217733232
0,0.0,0.0002800150707754338
0,0.0,0.00028000480340505487
0,0.0,0.00027984456965162634
0,0.0,0.0002791489442166067
0,0.0,0.0002791054830891813
0,0.0,0.00027898342938873486
0,0.0,0.000278919942113053
0,0.0,0.0002789130466420226
0,0.0,0.00027890458381252275
0,0.0,0.0002788645513980996
0,0.0,0.0002787100305109259
0,0.0,0.00027870564038296884
0,0.0,0.0002786280015259793
0,0.0,0.0002785545263497961
0,0.0,0.0002784444909806466
0,0.0,0.00027825211432291284
0,0.0,0.00027807656243903386
0,0.0,0.00027805902427997326
0,0.0,0.0002780212733317489
0,0.0,0.00027791174534618277
0,0.0,0.0002778354347330252
0,0.0,0.0002771460152425429
0,0.0,0.00027700400513390656
0,0.0,0.0002769799435116414
0,0.0,0.00027693099625792473
0,0.0,0.0002766963005858324
0,0.0,0.00027669566464653
0,0.0,0.0002765853264365516
0,0.0,0.0002765750879205284
0,0.0,0.0002764264022391834
0,0.0,0.00027637345392415944
0,0.0,0.00027563165164294114
0,0.0,0.0002755775711062872
0,0.0,0.0002754811618489421
0,0.0,0.00027535048085519957
0,0.0,0.0002753456481706552
0,0.0,0.0002753336139923872
0,0.0,0.00027518411404761406
0,0.0,0.0002750066290600025
0,0.0,0.0002748998425725898
0,0.0,0.0002748676835341543
0,0.0,0.0002748434817637529
0,0.0,0.00027478996092145433
0,0.0,0.00027478395159105136
0,0.0,0.0002746179228567675
0,0.0,0.0002743891323935678
0,0.0,0.0002743649450954692
0,0.0,0.00027427923669767296
0,0.0,0.00027427656248819605
0,0.0,0.0002738882687084739
0,0.0,0.0002737139946023885
0,0.0,0.00027360060661854276
0,0.0,0.0002735031036198591
0,0.0,0.0002734495271272181
0,0.0,0.00027344707512304376
0,0.0,0.0002732441685755415
0,0.0,0.0002731472498752637
0,0.0,0.00027304257088170305
0,0.0,0.0002730402278594319
0,0.0,0.0002730342197917024
0,0.0,0.00027294778446069486
0,0.0,0.0002728727858690623
0,0.0,0.00027286351940492714
0,0.0,0.0002726650834170426
0,0.0,0.0002726462413837319
0,0.0,0.00027258243533158084
0,0.0,0.00027254717078419217
0,0.0,0.0002724928280832342
0,0.0,0.00027245774602105465
0,0.0,0.0002723924154954177
0,0.0,0.0002720759194820603
0,0.0,0.00027198628309256376
0,0.0,0.0002718518489819513
0,0.0,0.00027170169966784927
0,0.0,0.00027159165049113726
0,0.0,0.00027156757425251735
0,0.0,0.00027142186799833357
0,0.0,0.00027130401792872317
0,0.0,0.0002712693092675156
0,0.0,0.00027125364623060066
0,0.0,0.0002711347480803522
0,0.0,0.00027107804312391325
0,0.0,0.0002710780431235998
0,0.0,0.0002710551284310008
0,0.0,0.000270884097730569
0,0.0,0.00027081188489029264
0,0.0,0.00027075467312566594
0,0.0,0.0002706974492693378
0,0.0,0.0002706503778399537
0,0.0,0.00027062528061704363
0,0.0,0.0002705671637274728
0,0.0,0.00027056716372736585
0,0.0,0.0002705257050736306
0,0.0,0.00027051760291621263
0,0.0,0.0002702035999022904
0,0.0,0.00027019889233847886
0,0.0,0.00027016455880708674
0,0.0,0.0002701245439725946
0,0.0,0.00026977053943429786
0,0.0,0.00026974112175596506
0,0.0,0.0002696080519655084
0,0.0,0.0002694929414538952
0,0.0,0.00026947904386583944
0,0.0,0.0002692053595327968
0,0.0,0.0002691201580804834
0,0.0,0.0002690767074341676
0,0.0,0.0002690287047116694
0,0.0,0.00026900585773206734
0,0.0,0.00026899004038365046
0,0.0,0.00026888070131252724
0,0.0,0.0002688232420314787
0,0.0,0.00026868709948132377
0,0.0,0.00026860255237071644
0,0.0,0.00026855853205955967
0,0.0,0.0002685585320595228
0,0.0,0.0002685278488683671
0,0.0,0.00026851392623600457
0,0.0,0.0002684909040067204
0,0.0,0.00026838558461302964
0,0.0,0.0002683569064396102
0,0.0,0.0002683055547688291
0,0.0,0.0002683003211962753
0,0.0,0.00026829928820898305
0,0.0,0.00026815885505589816
0,0.0,0.00026812635922665286
0,0.0,0.0002680686914425474
0,0.0,0.00026805210920816266
0,0.0,0.00026791757235946316
0,0.0,0.000267856445389548
0,0.0,0.0002677628169479629
0,0.0,0.0002676069017947846
0,0.0,0.0002675891892519287
0,0.0,0.00026752538538433535
0,0.0,0.0002675154356518293
0,0.0,0.0002673433815431238
0,0.0,0.00026728299911982407
0,0.0,0.00026727430924954336
0,0.0,0.00026716816216529457
0,0.0,0.00026711380367196456
0,0.0,0.00026700977690303487
0,0.0,0.0002668576807743826
0,0.0,0.00026676584352561174
0,0.0,0.0002667115668887827
0,0.0,0.000266707622415447
0,0.0,0.0002667011275706181
0,0.0,0.0002666614274043369
0,0.0,0.00026658634334857226
0,0.0,0.0002664489262117151
0,0.0,0.0002663595671877155
0,0.0,0.00026631185000081044
0,0.0,0.0002660629237201684
0,0.0,0.00026602209705889264
0,0.0,0.0002659011766338469
0,0.0,0.0002657883949169138
0,0.0,0.0002657862486112736
0,0.0,0.0002657778683774785
0,0.0,0.0002657560365414713
0,0.0,0.00026574490921914365
0,0.0,0.00026561591192061516
0,0.0,0.0002656134765728817
0,0.0,0.0002655771311179635
0,0.0,0.0002654864053317102
0,0.0,0.0002651693125343175
0,0.0,0.0002651693125341615
0,0.0,0.00026503865421341347
0,0.0,0.0002650297425114198
0,0.0,0.0002648586106733527
0,0.0,0.0002647958238933026
0,0.0,0.00026473715126554157
0,0.0,0.00026461063450506804
0,0.0,0.0002644519452691744
0,0.0,0.0002644163263447147
0,0.0,0.0002643936124250718
0,0.0,0.00026439332792527637
0,0.0,0.0002643380888259869
0,0.0,0.0002642769081102697
0,0.0,0.00026424447958302234
0,0.0,0.00026404334473463466
0,0.0,0.0002639905040749157
0,0.0,0.00026395223526700013
0,0.0,0.0002638110913061461
0,0.0,0.0002637763756202518
0,0.0,0.0002637527969529312
0,0.0,0.00026369261177735327
0,0.0,0.00026361442217958894
0,0.0,0.0002635297728901748
0,0.0,0.0002634858881973266
0,0.0,0.0002633691724050617
0,0.0,0.00026322424087152336
0,0.0,0.0002631940016689917
0,0.0,0.00026316914322365445
0,0.0,0.00026310701786811617
0,0.0,0.0002628285683993018
0,0.0,0.0002627173891874108
0,0.0,0.000262533497155121
0,0.0,0.00026248219004491185
0,0.0,0.0002622968289334495
0,0.0,0.00026216747783802967
0,0.0,0.0002621425266879788
0,0.0,0.000261854210484035
0,0.0,0.000261814100865153
0,0.0,0.0002617289126160315
0,0.0,0.00026166977152109773
0,0.0,0.00026161218699798544
0,0.0,0.00026160049943874976
0,0.0,0.0002615392783670207
0,0.0,0.00026140137710741623
0,0.0,0.0002613088126017606
0,0.0,0.0002612617548199512
0,0.0,0.00026114329276365433
0,0.0,0.0002610632622556113
0,0.0,0.0002608909126902177
0,0.0,0.00026088904975057203
0,0.0,0.00026088712599640825
0,0.0,0.0002608465052002054
0,0.0,0.00026077246051037543
0,0.0,0.0002607306228532279
0,0.0,0.00026065655800285335
0,0.0,0.0002605976858265987
0,0.0,0.00026054466417357956
0,0.0,0.0002605344962432946
0,0.0,0.00026042470606763257
0,0.0,0.0002603709414405099
0,0.0,0.0002603574534897287
0,0.0,0.0002603370829822172
0,0.0,0.0002601322698733589
0,0.0,0.0002601200093422535
0,0.0,0.0002599813500677225
0,0.0,0.00025988234825167556
0,0.0,0.00025954733871472283
0,0.0,0.00025953660805695157
0,0.0,0.0002594146730699209
0,0.0,0.00025940519600423773
0,0.0,0.0002593705327064611
0,0.0,0.00025937053270636397
0,0.0,0.0002593329278105807
0,0.0,0.0002593279056777676
0,0.0,0.0002593103091321708
0,0.0,0.00025929651561767345
0,0.0,0.0002592510178752816
0,0.0,0.0002592136668578796
0,0.0,0.00025916699099910804
0,0.0,0.00025885163731350855
0,0.0,0.00025876413941088337
0,0.0,0.0002585713076349068
0,0.0,0.0002585271758636223
0,0.0,0.00025851986896292025
0,0.0,0.0002584597793550631
0,0.0,0.00025839296489417446
0,0.0,0.00025839296489416736
0,0.0,0.0002583744910321513
0,0.0,0.0002582800545616909
0,0.0,0.00025825506671743863
0,0.0,0.0002582306656433868
0,0.0,0.00025815216760421956
0,0.0,0.00025809989088255194
0,0.0,0.0002580965072401871
0,0.0,0.00025793381456709185
0,0.0,0.0002578382010794383
0,0.0,0.00025783664601276477
0,0.0,0.00025776430405803483
0,0.0,0.00025773313772253315
0,0.0,0.00025753499166239724
0,0.0,0.0002574755627953714
0,0.0,0.0002572535856528577
0,0.0,0.00025717775235684586
0,0.0,0.0002571177692067613
0,0.0,0.0002570172018783955
0,0.0,0.0002569973568148948
0,0.0,0.000256861537472802
0,0.0,0.00025683646586663865
0,0.0,0.0002567126461545779
0,0.0,0.0002566361516372726
0,0.0,0.00025641388824771663
0,0.0,0.000256301647406227
0,0.0,0.0002562036072008099
0,0.0,0.00025615375242986414
0,0.0,0.0002560856575698481
0,0.0,0.0002560511237820485
0,0.0,0.000256051123782034
0,0.0,0.00025600149313097947
0,0.0,0.0002558088316617164
0,0.0,0.00025574846379492047
0,0.0,0.00025574611848160436
0,0.0,0.00025564084280909846
0,0.0,0.00025550665577141733
0,0.0,0.00025543252222368166
0,0.0,0.00025543195152602694
0,0.0,0.00025543195152557434
0,0.0,0.0002553679101570314
0,0.0,0.0002550386256173797
0,0.0,0.00025495973348925346
0,0.0,0.0002549458123984904
0,0.0,0.0002548469731276687
0,0.0,0.00025477699391389505
0,0.0,0.00025471656725984196
0,0.0,0.00025465016855706136
0,0.0,0.0002545380998610477
0,0.0,0.0002544006037490297
0,0.0,0.00025434028351021436
0,0.0,0.00025431408260337114
0,0.0,0.0002542953357618674
0,0.0,0.0002542799489621283
0,0.0,0.0002542333637399125
0,0.0,0.00025422938274836964
0,0.0,0.00025410349414400386
0,0.0,0.00025407210911138604
0,0.0,0.00025405233968574817
0,0.0,0.00025403846747461343
0,0.0,0.0002538685225610556
0,0.0,0.0002537034811179171
0,0.0,0.0002536763647806992
0,0.0,0.0002535551335359725
0,0.0,0.00025349708343726506
0,0.0,0.0002533731779090649
0,0.0,0.0002533101974242333
0,0.0,0.00025322338101126324
0,0.0,0.0002532000169488867
0,0.0,0.0002531910915198568
0,0.0,0.0002531303669497106
0,0.0,0.00025307023730104236
0,0.0,0.00025295411741967116
0,0.0,0.00025291957360610516
0,0.0,0.0002528240992047091
0,0.0,0.0002527127923591976
0,0.0,0.0002527005450422633
0,0.0,0.00025255452231131713
0,0.0,0.0002524725974464603
0,0.0,0.0002524451482543782
0,0.0,0.0002523729650122432
0,0.0,0.0002523332632067045
0,0.0,0.0002520088778329299
0,0.0,0.0002519841619366467
0,0.0,0.00025192334760904054
0,0.0,0.00025184421137895295
0,0.0,0.0002516683686931097
0,0.0,0.00025161090613031194
0,0.0,0.0002515784625347396
0,0.0,0.000251548096339187
0,0.0,0.0002515463827933055
0,0.0,0.00025149873616047444
0,0.0,0.0002514724175437681
0,0.0,0.0002513950294352007
0,0.0,0.00025129050412488934
0,0.0,0.00025124474890588443
0,0.0,0.00025118367080866267
0,0.0,0.00025116729229887917
0,0.0,0.00025112257785603554
0,0.0,0.0002511025143020152
0,0.0,0.0002509093927421769
0,0.0,0.00025072129321999264
0,0.0,0.0002506279920572493
0,0.0,0.00025060846067202357
0,0.0,0.00025021454549069977
0,0.0,0.0002501753633913016
0,0.0,0.00024999375125379236
0,0.0,0.00024996947731662655
0,0.0,0.00024990811764020966
0,0.0,0.00024986539692903537
0,0.0,0.00024986539692878806
0,0.0,0.00024985968722257773
0,0.0,0.0002498152505129648
0,0.0,0.00024974136346545277
0,0.0,0.00024970622360881623
0,0.0,0.00024932265998533684
0,0.0,0.00024930691170347755
0,0.0,0.00024923210772265475
0,0.0,0.0002491970480050931
0,0.0,0.00024918761774795397
0,0.0,0.0002490981048475934
0,0.0,0.0002489867925205162
0,0.0,0.000248925245914678
0,0.0,0.0002488946262951775
0,0.0,0.00024889263413367
0,0.0,0.0002488745607887986
0,0.0,0.0002488636840866259
0,0.0,0.00024883258101826615
0,0.0,0.00024880210702655245
0,0.0,0.00024874340604562047
0,0.0,0.00024854311395044895
0,0.0,0.00024845317456040247
0,0.0,0.00024843527341759393
0,0.0,0.00024839108454968576
0,0.0,0.0002483910845494847
0,0.0,0.00024826685794300665
0,0.0,0.0002481320194197482
0,0.0,0.0002481294914489939
0,0.0,0.0002479985320234988
0,0.0,0.00024793642515842515
0,0.0,0.0002476447901700304
0,0.0,0.00024758397847657185
0,0.0,0.0002475608688249201
0,0.0,0.00024749828233189286
0,0.0,0.0002474744309421035
0,0.0,0.00024741784586268626
0,0.0,0.0002472471915323963
0,0.0,0.00024724719153236633
0,0.0,0.00024708898790198473
0,0.0,0.00024707171866782823
0,0.0,0.0002470264891057176
0,0.0,0.0002469476555322374
0,0.0,0.0002469014440510836
0,0.0,0.0002468388977692579
0,0.0,0.00024683410099918745
0,0.0,0.0002467334245073731
0,0.0,0.0002467087475482395
0,0.0,0.00024670256821535444
0,0.0,0.00024670256821533943
0,0.0,0.00024664627540357516
0,0.0,0.00024652111252477463
0,0.0,0.0002465211125247321
0,0.0,0.0002464956785735053
0,0.0,0.00024649473726675436
0,0.0,0.0002464945876606181
0,0.0,0.0002464632867510835
0,0.0,0.00024639072057693897
0,0.0,0.0002463228042475978
0,0.0,0.0002460819384549922
0,0.0,0.00024606249261859253
0,0.0,0.00024606134320340385
0,0.0,0.00024599339444764443
0,0.0,0.0002459914294680525
0,0.0,0.00024595289758925115
0,0.0,0.00024595289758924866
0,0.0,0.0002457659322275637
0,0.0,0.00024574779432819533
0,0.0,0.0002457063716506044
0,0.0,0.0002456719319938501
0,0.0,0.00024561327178173296
0,0.0,0.00024542709607533887
0,0.0,0.00024526666115389726
0,0.0,0.00024520149935876453
0,0.0,0.0002451081539786188
0,0.0,0.0002449276864509036
0,0.0,0.0002447963391956227
0,0.0,0.00024473804051729935
0,0.0,0.00024473149751482387
0,0.0,0.0002447037635739772
0,0.0,0.00024455078974382205
0,0.0,0.00024425939626700064
0,0.0,0.00024425824973683144
0,0.0,0.00024415809333956916
0,0.0,0.00024410062412637837
0,0.0,0.00024394462765249525
0,0.0,0.000243627746157384
0,0.0,0.00024340292051260785
0,0.0,0.00024333198453368549
0,0.0,0.00024326831006316833
0,0.0,0.00024324717667819726
0,0.0,0.0002431759969958615
0,0.0,0.0002431409110966225
0,0.0,0.00024312379443113802
0,0.0,0.00024301344534159098
0,0.0,0.00024281089410039465
0,0.0,0.00024277638916402397
0,0.0,0.00024267520342671146
0,0.0,0.0002426662192234074
0,0.0,0.00024261083418308004
0,0.0,0.00024256664049684073
0,0.0,0.00024254724858799206
0,0.0,0.0002424507189290104
0,0.0,0.0002424391041923303
0,0.0,0.00024242055991126468
0,0.0,0.00024238449378427747
0,0.0,0.00024231103806487102
0,0.0,0.00024226928388117246
0,0.0,0.00024225688940917868
0,0.0,0.00024218328267644116
0,0.0,0.00024211506882315705
0,0.0,0.00024206739739460352
0,0.0,0.00024198834017342274
0,0.0,0.00024193296772332738
0,0.0,0.0002418115121249924
0,0.0,0.00024178172602549704
0,0.0,0.0002416795019984769
0,0.0,0.000241591770469597
0,0.0,0.00024157027596579346
0,0.0,0.00024140281502876422
0,0.0,0.00024133924614924617
0,0.0,0.00024133593920982527
0,0.0,0.0002412189038042538
0,0.0,0.00024118814505009027
0,0.0,0.00024112439768672717
0,0.0,0.00024108449060171068
0,0.0,0.00024096482337217074
0,0.0,0.00024091377336703642
0,0.0,0.00024089379429347653
0,0.0,0.00024084877931307753
0,0.0,0.000240771871393975
0,0.0,0.00024065366022681242
0,0.0,0.00024063888015408562
0,0.0,0.0002406305101895029
0,0.0,0.00024059187387560191
0,0.0,0.000240514361297445
0,0.0,0.00024044994068247544
0,0.0,0.00024035811058672828
0,0.0,0.00024023015842917507
0,0.0,0.00024006871439825943
0,0.0,0.00024006305396261383
0,0.0,0.00023993395309060804
0,0.0,0.00023991540278592508
0,0.0,0.0002397401714304206
0,0.0,0.0002396199275188034
0,0.0,0.00023956085740480646
0,0.0,0.00023945023244303142
0,0.0,0.00023943238821692625
0,0.0,0.0002393032096866803
0,0.0,0.00023930229191401566
0,0.0,0.00023924743822104633
0,0.0,0.0002392146457392706
0,0.0,0.00023914148011517207
0,0.0,0.00023906598469769166
0,0.0,0.00023898057936863962
0,0.0,0.00023896332833416473
0,0.0,0.0002388736290397119
0,0.0,0.00023884686355604
0,0.0,0.00023882704411416937
0,0.0,0.00023881827212847472
0,0.0,0.00023879826736285817
0,0.0,0.00023872429985323678
0,0.0,0.0002386601869744511
0,0.0,0.00023862413720506404
0,0.0,0.0002385682931779183
0,0.0,0.00023854121856134236
0,0.0,0.0002385254438657393
0,0.0,0.00023849608569165902
0,0.0,0.0002384442691201804
0,0.0,0.00023841259023245893
0,0.0,0.00023826849510128387
0,0.0,0.00023826726019208358
0,0.0,0.000238219517513458
0,0.0,0.00023804444925215742
0,0.0,0.00023802628818528698
0,0.0,0.0002379244314605149
0,0.0,0.00023788096137505988
0,0.0,0.00023785062825482897
0,0.0,0.00023776079141508242
0,0.0,0.00023770389024739552
0,0.0,0.00023766497180702424
0,0.0,0.00023757480857073256
0,0.0,0.0002374582597690159
0,0.0,0.00023742803923714227
0,0.0,0.00023740522859083246
0,0.0,0.00023733704478486037
0,0.0,0.00023731643458607072
0,0.0,0.00023729195007983424
0,0.0,0.0002371304893391547
0,0.0,0.00023706533464932348
0,0.0,0.0002370577789945263
0,0.0,0.00023700985542087494
0,0.0,0.00023697425144323788
0,0.0,0.00023692258127023302
0,0.0,0.00023684703017729053
0,0.0,0.00023681427532902926
0,0.0,0.0002367701419713195
0,0.0,0.0002367392922246819
0,0.0,0.00023666407319395953
0,0.0,0.0002365994020429034
0,0.0,0.0002365465815591001
0,0.0,0.00023647476950124443
0,0.0,0.00023647000668072722
0,0.0,0.00023645457044211405
0,0.0,0.00023642158314830588
0,0.0,0.00023642143965575734
0,0.0,0.00023628207699726616
0,0.0,0.0002362249202138822
0,0.0,0.0002361593295088752
0,0.0,0.0002360858565534512
0,0.0,0.0002360280934167092
0,0.0,0.00023585419988440657
0,0.0,0.00023583957519037228
0,0.0,0.00023574314493264914
0,0.0,0.00023573813847571057
0,0.0,0.00023572306048019696
0,0.0,0.00023571825659769328
0,0.0,0.00023565746341188524
0,0.0,0.00023564458584327572
0,0.0,0.00023549621425378024
0,0.0,0.0002353099007226878
0,0.0,0.0002352514046773379
0,0.0,0.00023512382369089208
0,0.0,0.00023510738962649846
0,0.0,0.00023502610342803374
0,0.0,0.0002347371797047153
0,0.0,0.0002347262892800745
0,0.0,0.00023471705242069125
0,0.0,0.00023471618761528439
0,0.0,0.0002347077202514982
0,0.0,0.00023470772025149556
0,0.0,0.00023439749476460454
0,0.0,0.00023424921013356318
0,0.0,0.0002342031955333921
0,0.0,0.00023419172016424318
0,0.0,0.00023410173011686536
0,0.0,0.00023397032301669768
0,0.0,0.0002338725595212804
0,0.0,0.0002338725595211008
0,0.0,0.00023379579136011873
0,0.0,0.00023360517617361347
0,0.0,0.00023347440681100506
0,0.0,0.00023339919091954658
0,0.0,0.00023333302530780708
0,0.0,0.00023332134523357348
0,0.0,0.00023321179080971902
0,0.0,0.00023307707232001105
0,0.0,0.00023299347794714762
0,0.0,0.00023288346206600384
0,0.0,0.0002328206768885194
0,0.0,0.00023278432106335595
0,0.0,0.00023273668833169873
0,0.0,0.0002326825589526223
0,0.0,0.00023242302262860805
0,0.0,0.0002322788608236713
0,0.0,0.00023214934272338506
0,0.0,0.00023207887898644237
0,0.0,0.00023202696772543134
0,0.0,0.00023198959151778667
0,0.0,0.00023187260511209245
0,0.0,0.00023185768090637067
0,0.0,0.00023182811583818033
0,0.0,0.00023167839744755748
0,0.0,0.00023142057927921593
0,0.0,0.00023132083950239593
0,0.0,0.00023126002299498746
0,0.0,0.00023124698806089485
0,0.0,0.00023116863556026318
0,0.0,0.000231153195505071
0,0.0,0.00023113893473937277
0,0.0,0.00023093843830028805
0,0.0,0.00023087651432617508
0,0.0,0.0002307498363003622
0,0.0,0.00023071744536737324
0,0.0,0.00023050569001526266
0,0.0,0.00023048337898395397
0,0.0,0.0002304305255980361
0,0.0,0.00023014431076449682
0,0.0,0.00023000221860061887
0,0.0,0.00022997750154957962
0,0.0,0.00022993491729165789
0,0.0,0.00022983070542500678
0,0.0,0.00022981161020169133
0,0.0,0.0002296771476974017
0,0.0,0.0002295434681594433
0,0.0,0.00022943810339961176
0,0.0,0.00022931740098713454
0,0.0,0.00022920903248262417
0,0.0,0.0002288945275809859
0,0.0,0.000228891774786636
0,0.0,0.00022886782136738746
0,0.0,0.00022882751117541186
0,0.0,0.00022855863817157574
0,0.0,0.00022851758010849073
0,0.0,0.00022851418520580528
0,0.0,0.0002284657933424929
0,0.0,0.00022846579334234984
0,0.0,0.0002284492723149271
0,0.0,0.00022839826983183701
0,0.0,0.00022833072635261483
0,0.0,0.00022821915571620362
0,0.0,0.00022800089446905797
0,0.0,0.00022797756663496101
0,0.0,0.00022785228098705555
0,0.0,0.0002278146310453103
0,0.0,0.0002277674403556149
0,0.0,0.00022764083660150163
0,0.0,0.0002275967566722859
0,0.0,0.00022758642507156144
0,0.0,0.0002272806799973589
0,0.0,0.00022725942618207905
0,0.0,0.0002272473004232223
0,0.0,0.0002272366205328381
0,0.0,0.0002272354692905465
0,0.0,0.0002272354692901482
0,0.0,0.00022719896734256316
0,0.0,0.0002270805157082975
0,0.0,0.000226953902483447
0,0.0,0.00022689686759795965
0,0.0,0.00022678947653086137
0,0.0,0.00022678632054380445
0,0.0,0.0002266289446315972
0,0.0,0.00022661266953978
0,0.0,0.0002265613244763465
0,0.0,0.00022655775984983023
0,0.0,0.00022649114407011356
0,0.0,0.00022648727007300857
0,0.0,0.00022642287243540172
0,0.0,0.0002263309605733213
0,0.0,0.00022633096057297233
0,0.0,0.00022628447587916742
0,0.0,0.00022624233586295762
0,0.0,0.0002261340783623189
0,0.0,0.00022606273367710195
0,0.0,0.00022603681666622443
0,0.0,0.0002260366794764699
0,0.0,0.00022599487753458211
0,0.0,0.00022583097337017873
0,0.0,0.00022580993024512146
0,0.0,0.00022579160644324578
0,0.0,0.00022573142745744854
0,0.0,0.0002256749999008454
0,0.0,0.00022560554649789168
0,0.0,0.0002255393371294461
0,0.0,0.00022540097742456414
0,0.0,0.00022524256828992763
0,0.0,0.00022517900888759264
0,0.0,0.00022466188409951736
0,0.0,0.00022465322402055558
0,0.0,0.00022445491778751354
0,0.0,0.00022444715161147006
0,0.0,0.00022442852381344887
0,0.0,0.0002243168341584168
0,0.0,0.00022431669801311908
0,0.0,0.00022430966482907277
0,0.0,0.00022430679146100894
0,0.0,0.0002242234101158233
0,0.0,0.00022417866547640698
0,0.0,0.00022410327650291688
0,0.0,0.0002240404115837354
0,0.0,0.00022404027560587588
0,0.0,0.00022400384272399057
0,0.0,0.00022397111669855758
0,0.0,0.000223881136354647
0,0.0,0.000223688959798179
0,0.0,0.00022363431648355413
0,0.0,0.00022363141722053063
0,0.0,0.00022348654074500507
0,0.0,0.00022346746162032764
0,0.0,0.00022344887763414998
0,0.0,0.000223347858422767
0,0.0,0.0002233478584226923
0,0.0,0.00022324765143912295
0,0.0,0.00022313967333005831
0,0.0,0.00022312628593005503
0,0.0,0.00022305196551573747
0,0.0,0.00022297203694964776
0,0.0,0.00022284392695138852
0,0.0,0.00022272258417805447
0,0.0,0.00022270133799803902
0,0.0,0.00022247705436200075
0,0.0,0.00022237592473833595
0,0.0,0.00022223528433851952
0,0.0,0.00022209280985119727
0,0.0,0.00022200982323755943
0,0.0,0.00022185008089554718
0,0.0,0.00022185006282593854
0,0.0,0.00022185006282584666
0,0.0,0.00022184576355203684
0,0.0,0.00022182033130389855
0,0.0,0.0002218166303697648
0,0.0,0.00022178043717051697
0,0.0,0.00022174664327704476
0,0.0,0.00022167676880125
0,0.0,0.00022163804377794876
0,0.0,0.000221584735319888
0,0.0,0.00022144980636436485
0,0.0,0.00022136211469090053
0,0.0,0.00022131031040964385
0,0.0,0.00022108132506277428
0,0.0,0.00022108132506266532
0,0.0,0.00022101130722250014
0,0.0,0.00022094650373412683
0,0.0,0.000220877230647698
0,0.0,0.0002208772306476118
0,0.0,0.0002206963371957864
0,0.0,0.00022050412000921914
0,0.0,0.00022047600267729027
0,0.0,0.0002203449437485836
0,0.0,0.00022033650503429093
0,0.0,0.00022029481372562128
0,0.0,0.0002200809953237385
0,0.0,0.00021997302858943067
0,0.0,0.00021984678899405108
0,0.0,0.00021977762904224453
0,0.0,0.000219770070391577
0,0.0,0.00021976396182722736
0,0.0,0.0002196541334715361
0,0.0,0.0002196293274564932
0,0.0,0.00021962447342085305
0,0.0,0.00021938551231219308
0,0.0,0.00021938298850579977
0,0.0,0.0002192776469164391
0,0.0,0.00021924312047209737
0,0.0,0.0002192065564635837
0,0.0,0.00021907574631483553
0,0.0,0.00021906545148793686
0,0.0,0.00021883538761739693
0,0.0,0.0002188098479634819
0,0.0,0.0002187647841672194
0,0.0,0.0002187188828444266
0,0.0,0.00021868814249306648
0,0.0,0.00021857086670597935
0,0.0,0.00021843838219817615
0,0.0,0.00021833399142298724
0,0.0,0.00021828958683448445
0,0.0,0.00021822551381974034
0,0.0,0.00021808826485868228
0,0.0,0.00021805749235772945
0,0.0,0.0002180497124446353
0,0.0,0.00021777393242964572
0,0.0,0.00021767904014554263
0,0.0,0.00021766224989644756
0,0.0,0.00021744321355016884
0,0.0,0.00021741896245865608
0,0.0,0.00021738637728323148
0,0.0,0.00021730067455505303
0,0.0,0.00021727551420965647
0,0.0,0.00021724459336018633
0,0.0,0.0002171968274856139
0,0.0,0.00021708682233700073
0,0.0,0.0002169893250007208
0,0.0,0.00021691160500178277
0,0.0,0.00021684980189465506
0,0.0,0.00021649763354947483
0,0.0,0.00021644265183165754
0,0.0,0.00021637130102983743
0,0.0,0.00021635055814292982
0,0.0,0.00021618587868868925
0,0.0,0.00021608542803146094
0,0.0,0.00021608542803134081
0,0.0,0.00021603856165729673
0,0.0,0.00021601419350619004
0,0.0,0.00021599493333594041
0,0.0,0.00021597172719608034
0,0.0,0.00021594270113516322
0,0.0,0.0002158288414859641
0,0.0,0.0002155828557174043
0,0.0,0.0002154920207954027
0,0.0,0.00021547982958572884
0,0.0,0.00021542032156855457
0,0.0,0.00021536115518189884
0,0.0,0.0002153532569221769
0,0.0,0.0002152818414808375
0,0.0,0.00021521867342339516
0,0.0,0.00021500477374486598
0,0.0,0.00021493513410594697
0,0.0,0.00021493311417832489
0,0.0,0.0002148631749145018
0,0.0,0.0002145440517268613
0,0.0,0.00021446667940219156
0,0.0,0.0002144230009236206
0,0.0,0.00021433699424259288
0,0.0,0.00021432813535649626
0,0.0,0.00021426558428084327
0,0.0,0.00021421314639535872
0,0.0,0.0002142077527506858
0,0.0,0.0002141941505118032
0,0.0,0.00021413595527816027
0,0.0,0.00021398129195693752
0,0.0,0.0002139756032103302
0,0.0,0.00021389054221783934
0,0.0,0.00021386036229754455
0,0.0,0.00021385902627017118
0,0.0,0.0002138513682667874
0,0.0,0.00021382143582507744
0,0.0,0.00021371457571261147
0,0.0,0.0002137046638933194
0,0.0,0.00021370466389317822
0,0.0,0.00021363379943499172
0,0.0,0.0002136167641128057
0,0.0,0.00021347533987500214
0,0.0,0.00021345741883946516
0,0.0,0.00021339673674611038
0,0.0,0.0002133292582435436
0,0.0,0.000213257321212956
0,0.0,0.00021319825606765807
0,0.0,0.00021309581021307594
0,0.0,0.00021307001389080438
0,0.0,0.00021304795285038853
0,0.0,0.0002130237271619676
0,0.0,0.00021290424426521768
0,0.0,0.00021282306265518337
0,0.0,0.00021280608090148268
0,0.0,0.00021277325672599783
0,0.0,0.00021275308093689525
0,0.0,0.00021269153010164302
0,0.0,0.00021253661174634663
0,0.0,0.0002124598211161073
0,0.0,0.00021231435049228988
0,0.0,0.00021222543566947188
0,0.0,0.00021218824063428155
0,0.0,0.00021217851138113995
0,0.0,0.00021210301059072299
0,0.0,0.00021205985574794571
0,0.0,0.00021203243321502027
0,0.0,0.00021189555520079344
0,0.0,0.0002117985767210952
0,0.0,0.00021174099802004812
0,0.0,0.00021171190247701728
0,0.0,0.00021169791683274788
0,0.0,0.0002116089620400324
0,0.0,0.00021153414345055112
0,0.0,0.0002114244447201718
0,0.0,0.00021136635106101811
0,0.0,0.00021119016026209452
0,0.0,0.00021101510970602773
0,0.0,0.00021101510970593157
0,0.0,0.00021097217620929986
0,0.0,0.000210933750421762
0,0.0,0.00021091313938957876
0,0.0,0.00021085288025809876
0,0.0,0.00021078668150846497
0,0.0,0.000210786681508421
0,0.0,0.0002107799586306135
0,0.0,0.00021073388325736295
0,0.0,0.0002107131726371425
0,0.0,0.0002104995286545171
0,0.0,0.00021042606868765953
0,0.0,0.00021035942054170587
0,0.0,0.00021035258306695864
0,0.0,0.0002103183220635579
0,0.0,0.00021022791669489393
0,0.0,0.00021015511048779454
0,0.0,0.0002099761493081229
0,0.0,0.00020968146983930353
0,0.0,0.00020968134257614258
0,0.0,0.0002096447590757508
0,0.0,0.00020956313040285164
0,0.0,0.00020951315333586992
0,0.0,0.00020941632609031025
0,0.0,0.00020932107556776016
0,0.0,0.0002091907480516488
0,0.0,0.000209025424183553
0,0.0,0.00020891352294798821
0,0.0,0.0002087293540288727
0,0.0,0.00020864440976505087
0,0.0,0.00020860175755212456
0,0.0,0.00020860175755210985
0,0.0,0.00020859579642887126
0,0.0,0.00020844769857803023
0,0.0,0.00020840013103264052
0,0.0,0.00020839621623652005
0,0.0,0.00020830994098987023
0,0.0,0.00020830994098967843
0,0.0,0.00020795907205984764
0,0.0,0.0002079425827539831
0,0.0,0.00020768978479282626
0,0.0,0.0002076054772551854
0,0.0,0.00020757765982252444
0,0.0,0.0002074080527020444
0,0.0,0.00020725910614607094
0,0.0,0.00020707535093333765
0,0.0,0.0002069047166811336
0,0.0,0.0002068609811826959
0,0.0,0.0002068517676208569
0,0.0,0.0002068517676205499
0,0.0,0.0002068303841059406
0,0.0,0.00020678682416950297
0,0.0,0.0002066816387548298
0,0.0,0.00020645831979289116
0,0.0,0.0002063838264404002
0,0.0,0.00020630623002015186
0,0.0,0.0002062829988937196
0,0.0,0.00020617970326615635
0,0.0,0.0002059137389128094
0,0.0,0.0002057368030756859
0,0.0,0.00020571938082194832
0,0.0,0.00020565293722224032
0,0.0,0.00020557036277940997
0,0.0,0.00020549581323459434
0,0.0,0.00020544185275862391
0,0.0,0.00020541454735543787
0,0.0,0.0002052980587740188
0,0.0,0.0002052631819958275
0,0.0,0.0002052377481588717
0,0.0,0.00020497320723241943
0,0.0,0.00020488827176196498
0,0.0,0.00020486123390295297
0,0.0,0.00020474117787761263
0,0.0,0.00020473811544117996
0,0.0,0.00020463689859949224
0,0.0,0.00020460740678712586
0,0.0,0.00020453937794215525
0,0.0,0.00020451267424733815
0,0.0,0.00020438814732773772
0,0.0,0.0002042573674929125
0,0.0,0.00020406558644779727
0,0.0,0.00020404320475330445
0,0.0,0.00020404320475321362
0,0.0,0.0002038736621255208
0,0.0,0.00020387157353685963
0,0.0,0.00020368504488262065
0,0.0,0.00020363030954083662
0,0.0,0.0002035824504412017
0,0.0,0.0002033198404501808
0,0.0,0.00020315193672777425
0,0.0,0.00020308914420956144
0,0.0,0.00020301318043549845
0,0.0,0.00020293718822542528
0,0.0,0.00020274961182156502
0,0.0,0.00020274206969210455
0,0.0,0.00020264260904066884
0,0.0,0.0002026174259138881
0,0.0,0.00020256698201473973
0,0.0,0.00020244403574463176
0,0.0,0.0002023879177117598
0,0.0,0.00020238779487561062
0,0.0,0.00020232970235858696
0,0.0,0.00020231123433023235
0,0.0,0.00020225333711626278
0,0.0,0.0002021061091482968
0,0.0,0.00020199045748863284
0,0.0,0.0002019904574886054
0,0.0,0.00020194668730679638
0,0.0,0.00020192811874375925
0,0.0,0.00020188506392542865
0,0.0,0.0002018639246721523
0,0.0,0.00020174731380690457
0,0.0,0.00020172123102331135
0,0.0,0.00020168018847459973
0,0.0,0.0002016451528644431
0,0.0,0.0002016409389293865
0,0.0,0.00020146727040144455
0,0.0,0.00020144093957732233
0,0.0,0.00020141132305810563
0,0.0,0.00020120083466464758
0,0.0,0.00020115114894482232
0,0.0,0.00020115114894482232
0,0.0,0.00020095537228069691
0,0.0,0.00020087120784754463
0,0.0,0.00020085116109829542
0,0.0,0.00020069415975407267
0,0.0,0.00020068912504021455
0,0.0,0.0002006196323053061
0,0.0,0.00020061951054227203
0,0.0,0.00020061268659716969
0,0.0,0.00020051900824158216
0,0.0,0.00020044643662243491
0,0.0,0.0002004161006143263
0,0.0,0.00020031051096233262
0,0.0,0.00019988736358668712
0,0.0,0.00019977113525724506
0,0.0,0.00019969083272269788
0,0.0,0.00019962378327017697
0,0.0,0.00019938599679373967
0,0.0,0.00019928313201101136
0,0.0,0.00019922468822435415
0,0.0,0.00019920718865960968
0,0.0,0.0001991953106255766
0,0.0,0.00019879357198528182
0,0.0,0.0001987400194865214
0,0.0,0.00019871620534605398
0,0.0,0.00019850671190661028
0,0.0,0.00019842353201398563
0,0.0,0.0001983162737986303
0,0.0,0.00019819141238050375
0,0.0,0.00019811749636155298
0,0.0,0.00019811397873348313
0,0.0,0.00019808464092977226
0,0.0,0.00019805495281921437
0,0.0,0.00019789908951354612
0,0.0,0.00019789844947367286
0,0.0,0.0001978984494736541
0,0.0,0.0001977758661991093
0,0.0,0.00019762056069616747
0,0.0,0.00019762056069606802
0,0.0,0.0001974532342365916
0,0.0,0.0001971140688623402
0,0.0,0.0001970710598408693
0,0.0,0.00019699106276369706
0,0.0,0.00019687814529614555
0,0.0,0.00019672070573052055
0,0.0,0.00019666891052086562
0,0.0,0.00019666891052071226
0,0.0,0.00019661129568585776
0,0.0,0.00019638103371019287
0,0.0,0.00019629970865062235
0,0.0,0.00019612097617293745
0,0.0,0.00019608968339674632
0,0.0,0.0001960675761539893
0,0.0,0.00019595389693382155
0,0.0,0.00019584426289345912
0,0.0,0.00019576540472130948
0,0.0,0.00019567504808034076
0,0.0,0.00019553574970010846
0,0.0,0.000195456505218758
0,0.0,0.0001954402829132205
0,0.0,0.00019533730081494475
0,0.0,0.00019509930114478897
0,0.0,0.0001950599182963667
0,0.0,0.00019480774938542746
0,0.0,0.00019471558415124605
0,0.0,0.00019471389634046537
0,0.0,0.00019446543186190778
0,0.0,0.0001944233877712824
0,0.0,0.00019440025506310818
0,0.0,0.00019434097167814806
0,0.0,0.00019426407687795868
0,0.0,0.00019423801645236996
0,0.0,0.00019409699773702868
0,0.0,0.0001938591822534604
0,0.0,0.00019382784688707955
0,0.0,0.0001937889775418063
0,0.0,0.00019377216619950415
0,0.0,0.00019374806592187428
0,0.0,0.00019370504240401467
0,0.0,0.00019370047638806926
0,0.0,0.0001935147049688412
0,0.0,0.0001933048457334706
0,0.0,0.00019327849282877154
0,0.0,0.0001932354065913691
0,0.0,0.00019301416891182008
0,0.0,0.00019288039046409206
0,0.0,0.00019287011834942497
0,0.0,0.00019272331149081974
0,0.0,0.0001925858733535441
0,0.0,0.00019257034253507415
0,0.0,0.0001924692238851037
0,0.0,0.00019232272217494225
0,0.0,0.00019216393913168786
0,0.0,0.0001919212967274358
0,0.0,0.00019192129672741972
0,0.0,0.00019181803570899927
0,0.0,0.0001917857624016533
0,0.0,0.00019142296904720382
0,0.0,0.00019137871750130847
0,0.0,0.00019137164624590482
0,0.0,0.00019133748872679515
0,0.0,0.00019114326222951727
0,0.0,0.00019106279779223726
0,0.0,0.0001910443727380265
0,0.0,0.00019092494347807464
0,0.0,0.00019056040204126925
0,0.0,0.0001905501247049162
0,0.0,0.00019052375592937208
0,0.0,0.00019048859963792031
0,0.0,0.00019044827290003212
0,0.0,0.00019036707559392588
0,0.0,0.00019031623895857512
0,0.0,0.00019028263739033187
0,0.0,0.0001902320214355696
0,0.0,0.0001902320214354466
0,0.0,0.0001899089115807063
0,0.0,0.00018988009275205714
0,0.0,0.00018965489568451778
0,0.0,0.00018964598541450448
0,0.0,0.0001894335145364217
0,0.0,0.00018936514672449975
0,0.0,0.00018908278308175325
0,0.0,0.00018906815359823922
0,0.0,0.0001889976211734731
0,0.0,0.00018891641918414073
0,0.0,0.00018878532267997932
0,0.0,0.00018868130394081808
0,0.0,0.00018797962886938445
0,0.0,0.00018787385008281734
0,0.0,0.0001878575992703195
0,0.0,0.00018785443108981035
0,0.0,0.00018777774575288076
0,0.0,0.00018775022156109026
0,0.0,0.0001874924505129618
0,0.0,0.00018728424228264118
0,0.0,0.00018724196888011044
0,0.0,0.00018724196887968296
0,0.0,0.00018720304118517023
0,0.0,0.00018719754850861155
0,0.0,0.0001871550216640204
0,0.0,0.00018711945189236621
0,0.0,0.00018711477267068234
0,0.0,0.00018693172169772636
0,0.0,0.00018687431432708618
0,0.0,0.00018684221340870046
0,0.0,0.00018682725429922762
0,0.0,0.0001864352222240399
0,0.0,0.00018636802259409626
0,0.0,0.00018625387771443316
0,0.0,0.00018625227347634032
0,0.0,0.00018622583659403538
0,0.0,0.00018598231643850556
0,0.0,0.00018580444910682112
0,0.0,0.00018572768366436604
0,0.0,0.00018547810547746334
0,0.0,0.00018539442404752208
0,0.0,0.00018539442404720403
0,0.0,0.0001853118613963875
0,0.0,0.00018526244039161643
0,0.0,0.00018514481121803978
0,0.0,0.00018501134297820897
0,0.0,0.00018473827360409177
0,0.0,0.00018467858849485023
0,0.0,0.00018467826623654442
0,0.0,0.00018459960305959982
0,0.0,0.00018451959842579743
0,0.0,0.00018443352151178554
0,0.0,0.0001844335215116856
0,0.0,0.00018423518001619044
0,0.0,0.00018419418446139168
0,0.0,0.00018415484425831117
0,0.0,0.00018382062466474193
0,0.0,0.000183819392575722
0,0.0,0.00018351998413852305
0,0.0,0.00018343554889870502
0,0.0,0.00018343387446700384
0,0.0,0.00018309944597652328
0,0.0,0.0001830057407236377
0,0.0,0.00018286712919216168
0,0.0,0.00018268054941782507
0,0.0,0.00018265015240790904
0,0.0,0.00018199465154590647
0,0.0,0.0001819661347716454
0,0.0,0.00018148064154703745
0,0.0,0.00018125342085801392
0,0.0,0.00018086663144417124
0,0.0,0.00018084147302762155
0,0.0,0.00018062741330660605
0,0.0,0.0001805407238956499
0,0.0,0.00018046739670012535
0,0.0,0.00018028892464561864
0,0.0,0.00018024280015664456
0,0.0,0.00018018861639095666
0,0.0,0.00018018667946637562
0,0.0,0.0001800648610170108
0,0.0,0.0001800257781603759
0,0.0,0.00018001790236277926
0,0.0,0.00017994191780397733
0,0.0,0.00017989980688645454
0,0.0,0.00017986996220326152
0,0.0,0.0001795949908041838
0,0.0,0.00017952336312096603
0,0.0,0.00017943809911087467
0,0.0,0.0001794127889342604
0,0.0,0.00017916191261917367
0,0.0,0.00017912314672412374
0,0.0,0.00017912314672411688
0,0.0,0.00017899098944122605
0,0.0,0.00017875514359315243
0,0.0,0.00017846236535558243
0,0.0,0.00017843915306065778
0,0.0,0.00017843915306056129
0,0.0,0.00017838325172806578
0,0.0,0.00017835161486769575
0,0.0,0.00017816758498574687
0,0.0,0.00017815424217916773
0,0.0,0.00017794181286574784
0,0.0,0.00017792154041773792
0,0.0,0.00017780637617969194
0,0.0,0.00017765420999612882
0,0.0,0.00017759991090220565
0,0.0,0.0001772605857078165
0,0.0,0.00017677698745194916
0,0.0,0.00017624283103293023
0,0.0,0.00017608060130728937
0,0.0,0.0001758196765880377
0,0.0,0.0001756703731398452
0,0.0,0.00017558216305496647
0,0.0,0.00017540993437595832
0,0.0,0.00017523002189835231
0,0.0,0.0001749634472416103
0,0.0,0.00017492920155727732
0,0.0,0.00017481898065207452
0,0.0,0.00017480338942244987
0,0.0,0.00017461401929965182
0,0.0,0.00017425440937751714
0,0.0,0.00017423155582935526
0,0.0,0.00017389915027300355
0,0.0,0.0001737878791330494
0,0.0,0.0001737181706840329
0,0.0,0.00017368228743290875
0,0.0,0.00017342839338865164
0,0.0,0.00017338553901287033
0,0.0,0.000173383642953855
0,0.0,0.0001732937191284508
0,0.0,0.00017327937028511348
0,0.0,0.00017311614424544728
0,0.0,0.0001729184243536698
0,0.0,0.00017291483223526576
0,0.0,0.00017284823155817134
0,0.0,0.00017283219697110928
0,0.0,0.0001725560873835782
0,0.0,0.00017253951494302578
0,0.0,0.00017245000027329153
0,0.0,0.00017221408894819957
0,0.0,0.0001720166716938927
0,0.0,0.0001719960070564663
0,0.0,0.00017192658702040687
0,0.0,0.00017164226749386368
0,0.0,0.00017148190165134546
0,0.0,0.00017146667236397613
0,0.0,0.00017137696967809085
0,0.0,0.00017121270287678378
0,0.0,0.00017105142360041717
0,0.0,0.00017092775011222708
0,0.0,0.0001705457729067632
0,0.0,0.0001702925904983189
0,0.0,0.00016990408495448005
0,0.0,0.00016966360782711334
0,0.0,0.00016965311095673235
0,0.0,0.00016938476576895277
0,0.0,0.00016884594712645367
0,0.0,0.0001686869627075993
0,0.0,0.00016841200415040457
0,0.0,0.0001683870663557343
0,0.0,0.0001680249448233573
0,0.0,0.00016784220964708569
0,0.0,0.00016780806018288114
0,0.0,0.0001676501391156352
0,0.0,0.00016758442172612153
0,0.0,0.00016756610016220951
0,0.0,0.00016734677101864885
0,0.0,0.00016689706540538702
0,0.0,0.0001666600659628058
0,0.0,0.0001662595969437022
0,0.0,0.00016625959694365017
0,0.0,0.0001660624046383272
0,0.0,0.00016587758276162797
0,0.0,0.00016579058269017093
0,0.0,0.00016578489489953662
0,0.0,0.00016573055472114212
0,0.0,0.00016560668155822023
0,0.0,0.0001656066677374101
0,0.0,0.00016560666773719076
0,0.0,0.00016542612570890348
0,0.0,0.00016531858948359282
0,0.0,0.00016516983246401233
0,0.0,0.0001649839350134768
0,0.0,0.00016495647542026697
0,0.0,0.00016485923219361723
0,0.0,0.00016474828700613686
0,0.0,0.00016467036322111864
0,0.0,0.00016448718150931672
0,0.0,0.00016439316196411506
0,0.0,0.00016400577219121714
0,0.0,0.00016389969285687524
0,0.0,0.0001638052438443342
0,0.0,0.0001638051444251854
0,0.0,0.00016362874692877426
0,0.0,0.00016346090980230376
0,0.0,0.00016334540689455962
0,0.0,0.00016317980742776604
0,0.0,0.00016310182751238
0,0.0,0.00016281874631403405
0,0.0,0.00016262975176823595
0,0.0,0.00016260901422064582
0,0.0,0.00016258741947816307
0,0.0,0.0001625351720849155
0,0.0,0.000162050521836015
0,0.0,0.00016199833828087104
0,0.0,0.0001613881227697169
0,0.0,0.00016119836594606507
0,0.0,0.00016103919226374047
0,0.0,0.00016096213462412032
0,0.0,0.00016094296327863426
0,0.0,0.00016036214513687018
0,0.0,0.00016034645012799788
0,0.0,0.0001601321064934627
0,0.0,0.00015999770332632187
0,0.0,0.00015977207293835688
0,0.0,0.00015976800773049877
0,0.0,0.00015971842053745476
0,0.0,0.00015967614253472993
0,0.0,0.00015956238629991025
0,0.0,0.0001594226314726976
0,0.0,0.00015920079891256845
0,0.0,0.00015892044240895837
0,0.0,0.0001588538181204059
0,0.0,0.00015842049429066885
0,0.0,0.0001582561087419398
0,0.0,0.00015783256532173805
0,0.0,0.00015773389739659214
0,0.0,0.0001576481201065769
0,0.0,0.00015763613392610177
0,0.0,0.00015725789945315223
0,0.0,0.0001570831053530729
0,0.0,0.0001565886597726292
0,0.0,0.00015655145066737717
0,0.0,0.00015606782007779755
0,0.0,0.0001559565728327586
0,0.0,0.00015593337172999954
0,0.0,0.00015567321054589268
0,0.0,0.00015565818690363933
0,0.0,0.00015547553019889347
0,0.0,0.00015541820434242207
0,0.0,0.00015521958674739896
0,0.0,0.00015468228252237375
0,0.0,0.00015445926132366718
0,0.0,0.00015424001759465605
0,0.0,0.0001541647696534716
0,0.0,0.00015371471356329124
0,0.0,0.0001536868959294695
0,0.0,0.00015343667870745071
0,0.0,0.00015281608135991908
0,0.0,0.0001526432173289056
0,0.0,0.00015241498859110922
0,0.0,0.00015232517018645084
0,0.0,0.00015216395675905986
0,0.0,0.0001520071589955939
0,0.0,0.00015190490759189204
0,0.0,0.00015188341616469823
0,0.0,0.0001513742514191385
0,0.0,0.0001511628879144191
0,0.0,0.00015106234196939067
0,0.0,0.00015059970859024373
0,0.0,0.0001504248829958948
0,0.0,0.00015034688795684546
0,0.0,0.0001503442147147748
0,0.0,0.00015028318547087477
0,0.0,0.00015008457508370763
0,0.0,0.00014990955128941786
0,0.0,0.00014944806248285585
0,0.0,0.00014936438437545174
0,0.0,0.00014936027438916245
0,0.0,0.00014933399444118638
0,0.0,0.00014915804400162795
0,0.0,0.00014909550146332412
0,0.0,0.0001490255590115722
0,0.0,0.0001488407588171372
0,0.0,0.0001485254269266046
0,0.0,0.00014842374702164486
0,0.0,0.0001483444269183147
0,0.0,0.00014828255228989154
0,0.0,0.00014827325884800296
0,0.0,0.00014789180977432839
0,0.0,0.00014789180977403652
0,0.0,0.00014787187300332883
0,0.0,0.00014781545501885263
0,0.0,0.00014772416875807306
0,0.0,0.00014768307034791476
0,0.0,0.0001475052722791558
0,0.0,0.000147410883778984
0,0.0,0.00014716589597617318
0,0.0,0.00014715992640723676
0,0.0,0.0001470188610291376
0,0.0,0.00014681748055585885
0,0.0,0.00014677633247983361
0,0.0,0.00014666917758098948
0,0.0,0.00014659543104238165
0,0.0,0.00014616200815951544
0,0.0,0.0001461080192382849
0,0.0,0.00014605727005418342
0,0.0,0.00014553244884469733
0,0.0,0.0001454272573248799
0,0.0,0.00014525878609976704
0,0.0,0.00014489817637075965
0,0.0,0.00014483564651191394
0,0.0,0.00014482480780220113
0,0.0,0.00014472446038652582
0,0.0,0.00014407965500467086
0,0.0,0.00014386555392634898
0,0.0,0.0001433262106171779
0,0.0,0.00014325762868195148
0,0.0,0.0001431495504858182
0,0.0,0.0001429646818898
0,0.0,0.00014290584775466722
0,0.0,0.00014285649823259945
0,0.0,0.0001428564982325865
0,0.0,0.0001427482325874624
0,0.0,0.0001426650564639555
0,0.0,0.00014263988476746945
0,0.0,0.00014236180336604318
0,0.0,0.00014233181108329462
0,0.0,0.00014169417014340784
0,0.0,0.00014162779602212174
0,0.0,0.00014160470520857533
0,0.0,0.00014151847312177343
0,0.0,0.0001414502259901381
0,0.0,0.00014131295263866778
0,0.0,0.00014089498869528094
0,0.0,0.00014084149644252823
0,0.0,0.00014047056661875546
0,0.0,0.0001402638913043496
0,0.0,0.0001401565773851524
0,0.0,0.0001398483088873874
0,0.0,0.00013960281552991368
0,0.0,0.0001394917146943176
0,0.0,0.00013886236063287031
0,0.0,0.00013879443580777274
0,0.0,0.0001383514678991177
0,0.0,0.00013818672696224487
0,0.0,0.00013779606032603134
0,0.0,0.00013768470995603253
0,0.0,0.00013752711461449953
0,0.0,0.00013747817935482473
0,0.0,0.0001373752062772944
0,0.0,0.00013713970158382352
0,0.0,0.00013713970158370185
0,0.0,0.0001369305816377729
0,0.0,0.0001366870111130852
0,0.0,0.000136492993805253
0,0.0,0.0001364602273705693
0,0.0,0.00013615303563418513
0,0.0,0.00013585181531396216
0,0.0,0.00013557925993938863
0,0.0,0.00013538604558427486
0,0.0,0.0001347246559302875
0,0.0,0.0001347206397947897
0,0.0,0.00013457739258230538
0,0.0,0.00013449494620480386
0,0.0,0.00013440111397603898
0,0.0,0.00013428579768378105
0,0.0,0.00013421034133361402
0,0.0,0.0001341062628236646
0,0.0,0.00013382353883281697
0,0.0,0.0001337290482901363
0,0.0,0.0001336943990713693
0,0.0,0.0001331392180781899
0,0.0,0.00013287585946491652
0,0.0,0.00013283698819519248
0,0.0,0.00013271411858904698
0,0.0,0.0001326602197325555
0,0.0,0.00013266021973233326
0,0.0,0.0001323558778868748
0,0.0,0.00013234560713646024
0,0.0,0.00013215072778819555
0,0.0,0.00013208217680951595
0,0.0,0.00013193272634242463
0,0.0,0.00013182451746430746
0,0.0,0.00013145089553705719
0,0.0,0.00013138516837265686
0,0.0,0.00013076618950389116
0,0.0,0.00013073018876593237
0,0.0,0.00013054198112013226
0,0.0,0.00013024289533755968
0,0.0,0.00013006641676700375
0,0.0,0.0001298891339906875
0,0.0,0.00012988171808332185
0,0.0,0.00012982798133868507
0,0.0,0.0001296262514393247
0,0.0,0.00012956076717350796
0,0.0,0.0001295344065172218
0,0.0,0.00012944749259047347
0,0.0,0.00012928565381813356
0,0.0,0.0001291681312621023
0,0.0,0.00012874947950279052
0,0.0,0.00012861893924641962
0,0.0,0.00012861349177889736
0,0.0,0.00012858887617865793
0,0.0,0.00012829616074766623
0,0.0,0.00012796430135253445
0,0.0,0.00012796278423786076
0,0.0,0.00012774599479609144
0,0.0,0.0001276035057069001
0,0.0,0.00012748073993816415
0,0.0,0.000127322807169949
0,0.0,0.00012720240732538924
0,0.0,0.00012708189341189327
0,0.0,0.0001268733961313881
0,0.0,0.00012684052207627804
0,0.0,0.0001266268705144476
0,0.0,0.00012632202247512636
0,0.0,0.00012620026628065072
0,0.0,0.00012619740194061288
0,0.0,0.000126140723618495
0,0.0,0.00012593218770865882
0,0.0,0.0001253041551093427
0,0.0,0.00012518196672815167
0,0.0,0.0001249100529832089
0,0.0,0.00012473370642045482
0,0.0,0.0001244668953244604
0,0.0,0.0001244621117965117
0,0.0,0.0001242828680127567
0,0.0,0.00012390739659186452
0,0.0,0.00012384443000974503
0,0.0,0.0001235358593338942
0,0.0,0.00012332310920031738
0,0.0,0.00012324872841319585
0,0.0,0.00012291535309543657
0,0.0,0.00012258567530801402
0,0.0,0.00012227412375720619
0,0.0,0.0001221474804049145
0,0.0,0.00012173596717636058
0,0.0,0.00012172086833268545
0,0.0,0.00012149656628017143
0,0.0,0.00012143250504367145
0,0.0,0.00012112956698848231
0,0.0,0.00012105084090934071
0,0.0,0.00012093683618281957
0,0.0,0.00012092335183669736
0,0.0,0.00012055270550508044
0,0.0,0.00012055270550501898
0,0.0,0.00012054668611671956
0,0.0,0.00012045422753409535
0,0.0,0.0001203951354276303
0,0.0,0.00012002713677054202
0,0.0,0.00011964370197079095
0,0.0,0.00011929802843431267
0,0.0,0.00011919837732514057
0,0.0,0.0001189406508022777
0,0.0,0.00011894048068750018
0,0.0,0.0001187338507285068
0,0.0,0.00011853749743149033
0,0.0,0.0001179119876615186
0,0.0,0.00011762909492782006
0,0.0,0.00011748841932676379
0,0.0,0.00011743150480381665
0,0.0,0.00011735929317118127
0,0.0,0.00011724775479389875
0,0.0,0.00011619633286112882
0,0.0,0.00011611044169155347
0,0.0,0.00011604427955464057
0,0.0,0.00011584382723704943
0,0.0,0.00011584382723690553
0,0.0,0.0001156504983282282
0,0.0,0.00011532493910785459
0,0.0,0.00011477117610894157
0,0.0,0.00011444588739330052
0,0.0,0.00011284686590290977
0,0.0,0.0001127145595621391
0,0.0,0.00011257203280533448
0,0.0,0.00011257196448134642
0,0.0,0.00011155847758227087
0,0.0,0.00011154275989381212
0,0.0,0.0001112070629374207
0,0.0,0.00011085379246280465
0,0.0,0.00011035365702329777
0,0.0,0.00011006702631025138
0,0.0,0.00010996742087186317
0,0.0,0.00010964372206948365
0,0.0,0.00010948826311234362
0,0.0,0.00010912258822312916
0,0.0,0.00010882468519053226
0,0.0,0.00010874083795304998
0,0.0,0.00010869271632864364
0,0.0,0.00010817001596333177
0,0.0,0.0001074522242530268
0,0.0,0.00010721499897863803
0,0.0,0.000107106292725894
0,0.0,0.00010691355857833168
0,0.0,0.00010652804491050451
0,0.0,0.00010626830587320515
0,0.0,0.00010619354912942584
0,0.0,0.00010522090283139977
0,0.0,0.00010464902403682458
0,0.0,0.00010464671132395011
0,0.0,0.00010448764718835192
0,0.0,0.00010413647594466665
0,0.0,0.00010383993724486023
0,0.0,0.00010308985163307367
0,0.0,0.00010273967400758558
0,0.0,0.00010211260509530732
0,0.0,0.00010140898331015516
0,0.0,0.00010140798950906708
0,0.0,0.00010125796463625545
0,0.0,0.0001011173224003622
0,0.0,0.00010108854939676002
0,0.0,0.00010050268273362945
0,0.0,0.00010045459195877427
0,0.0,9.863010123627153e-05
0,0.0,9.677596335791573e-05
0,0.0,9.604098378883979e-05
0,0.0,9.59922484871116e-05
0,0.0,9.572248473603438e-05
0,0.0,9.523715193943277e-05
0,0.0,9.453621619007767e-05
0,0.0,9.446373180350926e-05
0,0.0,9.378508795656072e-05
0,0.0,9.354514451958883e-05
0,0.0,9.296167352922647e-05
0,0.0,9.293153175458152e-05
0,0.0,9.224210133764017e-05
0,0.0,9.213913610068235e-05
0,0.0,9.213364513678805e-05
0,0.0,9.198676318382733e-05
0,0.0,9.143356459567618e-05
0,0.0,9.024496261100035e-05
0,0.0,8.975239307883439e-05
0,0.0,8.96665568611825e-05
0,0.0,8.959237040440191e-05
0,0.0,8.87126827465585e-05
0,0.0,8.856597624596227e-05
0,0.0,8.822572330125402e-05
0,0.0,8.821660219652458e-05
0,0.0,8.799497386716813e-05
0,0.0,8.76840856928267e-05
0,0.0,8.749738324948464e-05
0,0.0,8.708513633136797e-05
0,0.0,8.686784145726119e-05
0,0.0,8.569254230693093e-05
0,0.0,8.40496703577591e-05
0,0.0,8.290941617055223e-05
0,0.0,8.144046334587341e-05
0,0.0,8.141543044859564e-05
0,0.0,8.117038374655726e-05
0,0.0,8.112555111998237e-05
0,0.0,8.079196497820695e-05
0,0.0,8.053037161601742e-05
0,0.0,8.041176538603703e-05
0,0.0,8.026036378351895e-05
0,0.0,7.989179908652198e-05
0,0.0,7.931526476673144e-05
0,0.0,7.862894972657612e-05
0,0.0,7.779973030658249e-05
0,0.0,7.670593773242753e-05
0,0.0,7.575314206066415e-05
0,0.0,7.501769684033148e-05
0,0.0,7.431004450323546e-05
0,0.0,7.414127614501858e-05
0,0.0,7.344034411086238e-05
0,0.0,7.342487487746334e-05
0,0.0,7.302187720507363e-05
0,0.0,7.286230387839622e-05
0,0.0,7.189840059434357e-05
0,0.0,6.975982012852658e-05
0,0.0,6.954010361385896e-05
0,0.0,6.903371423884798e-05
0,0.0,6.887674883015181e-05
0,0.0,6.865420624884492e-05
0,0.0,6.802470004535793e-05
0,0.0,6.768490934638393e-05
0,0.0,6.43695438723696e-05
0,0.0,6.343554421399473e-05
0,0.0,6.311753730001256e-05
0,0.0,6.307808007508074e-05
0,0.0,6.043687462177936e-05
0,0.0,5.958484097171301e-05
0,0.0,5.943212793784311e-05
0,0.0,5.9403689522101634e-05
0,0.0,5.721408916442353e-05
0,0.0,5.6209547462579505e-05
0,0.0,5.600810249052853e-05
0,0.0,5.5725770019672034e-05
0,0.0,5.4547813080062064e-05
0,0.0,5.330205701571088e-05
0,0.0,5.280679938000106e-05
0,0.0,5.021139849598488e-05
0,0.0,4.820579201669785e-05
0,0.0,4.572459292472785e-05
0,0.0,4.528393843798738e-05
0,0.0,4.2228862984855495e-05
0,0.0,4.2179892957926417e-05
0,0.0,4.0707715224350694e-05
0,0.0,3.929479776731821e-05
0,0.0,3.801406564607142e-05
0,0.0,3.472644578673548e-05
0,0.0,3.373274128798499e-05
0,0.0,3.143583821376429e-05
0,0.0,2.716792028953329e-05
0,0.0,2.606522008145105e-05
0,0.0,2.4251454694669556e-05
0,0.0,1.8452590180264803e-05
0,0.0,1.5743955300528178e-05
