dimension,birth,death
2,0.011639441233792283,0.011937291483425266
2,0.0038072797477320497,0.004005824625900356
2,0.006923801230691244,0.00705632811412705
2,0.0011185241712338104,0.0012388725233491243
2,0.004425055124588055,0.004536345709336789
2,0.006877220612110822,0.0069838327400374555
2,0.0014121480423028802,0.001514875931112611
2,0.0036329115866414103,0.0037279205500229087
2,0.002328827006143811,0.002415545050869156
2,0.003286152279102778,0.003369106664778297
2,0.0008591061409598695,0.0009251247621797122
2,0.0009091362959500797,0.0009690847176506318
2,0.0018641259964487583,0.0019165586273602179
2,0.00110705426344902,0.0011551286519549484
2,0.006918604492586943,0.006964524607375819
2,0.0012345538100357258,0.0012794001076713256
2,0.0008667307104332965,0.0009101036396863058
2,0.0007094761762260595,0.0007526977896558611
2,0.0009370204080149497,0.0009794679322911737
2,0.0005863632761848159,0.0006250749590995263
2,0.0036821091072311613,0.0037199843068572197
2,0.0009049127094304879,0.0009410508832693331
2,0.0005682492490506045,0.0006021903886215558
2,0.0009402095050035166,0.0009729393949322444
2,0.0004250819662173282,0.00045638032574883843
2,0.0004565885621143771,0.0004850742929391462
2,0.000982008573777536,0.0010101398160157309
2,0.0008418556371360339,0.0008687884001425834
2,0.0004637186734259293,0.0004906181791461958
2,0.00029089839736075573,0.00031686839859351544
2,0.0004727961098441984,0.0004977593483397172
2,0.00045248871494234705,0.00047624348155189103
2,0.0009977282846750943,0.0010208588790069435
2,0.000699861203333992,0.000722726018878103
2,0.00047605777537130834,0.0004977593483397172
2,0.001344767918854048,0.0013653953792448418
2,0.0004550503552165663,0.0004755057170164214
2,0.00045248922199751617,0.00047077845156171075
2,0.002031265329336042,0.002049093443761087
2,0.0005045042682586866,0.0005197878372508548
2,0.0004193752064230089,0.0004338326033582805
2,0.0004863978268941681,0.000499617811769787
2,0.0005177472334124412,0.000530645849698496
2,0.0011730456744115097,0.0011853501310909935
2,0.0005407842554976233,0.000551942313686949
2,0.0013359094471321858,0.0013463797224895903
2,0.000487343997451547,0.000497417390352826
2,0.0005524313656661637,0.000560650211926933
2,0.00042283475837663484,0.0004307456621880308
2,0.0020839115647379525,0.0020915568681005143
2,0.0003817225931286591,0.0003892708645025027
2,0.000639077929553385,0.0006447715393884079
2,0.0010594324206158095,0.00106500814650285
2,0.0003887374585748929,0.00039421489222637085
2,0.0005294796077820801,0.00053483830308143
2,0.0004256016900527354,0.0004306104598468635
2,0.0004791061413322158,0.0004833543887546869
2,0.000372882277476281,0.000375607108757429
2,0.0003655858983650051,0.00036787648369942925
2,0.00047217264625577684,0.00047310432168075865
2,0.0004586343492314224,0.00045949960713148163
2,0.00032579701376041524,0.0003259324521424059
2,0.00044855526770125407,0.00044865410107607583
1,0.015946533021960058,0.023128758389765795
1,0.016406473263619926,0.019375798567606312
1,0.009303863960991178,0.011521789894959044
1,0.004844360191103142,0.00668343597241955
1,0.007212505883928054,0.008516317612976417
1,0.015938263541164125,0.017166559751684095
1,0.005214814839440145,0.006298085906943977
1,0.010776771144366058,0.011468679264195664
1,0.0016263820315915866,0.002259982259614638
1,0.008756735337389736,0.009341452865640247
1,0.004361907280390466,0.004941949278765363
1,0.001907090112089837,0.0024703681498798842
1,0.0010259463381315141,0.001571887721242749
1,0.0021178634204554276,0.0026481633130669606
1,0.002138389198117492,0.0026515409383626384
1,0.007493327402248785,0.007999435193526708
1,0.003631222955986326,0.004135803030117232
1,0.0007905305568238359,0.001282180365090228
1,0.0033812282002269986,0.00386706114608319
1,0.0015771014794495387,0.002023072268884955
1,0.0026388525831502704,0.003052833863612253
1,0.006540110319242715,0.00695082852505857
1,0.0008959695617353305,0.0013021334068169749
1,0.00130456580630053,0.0016629403920333764
1,0.0010678508594203207,0.0014202405662657814
1,0.00119860934703657,0.0015325537341432946
1,0.00660812262964813,0.006939214894515526
1,0.0011480164474358947,0.0014788685456814264
1,0.0013706943705240498,0.0016907290492676674
1,0.0009352853075922408,0.0012495568416830028
1,0.0005253087190857911,0.0008240980537710624
1,0.0006810362906207782,0.0009629703609870801
1,0.003379515813916442,0.003659555392806804
1,0.0011646977397672187,0.0014374607251467955
1,0.0006750537961309319,0.0009472290542748414
1,0.006038703134893194,0.006310072042278345
1,0.0015523468117183505,0.0018147954782341557
1,0.003347040868254414,0.003608470091612133
1,0.00044934601892971163,0.0007080015309487599
1,0.0006168737121956219,0.0008755276401665996
1,0.0009347383083953627,0.001191790806773388
1,0.006630338565257412,0.0068832808721518675
1,0.0018987438412563016,0.002151535538398896
1,0.0007337046884589914,0.0009833611087941012
1,0.0008495146979162168,0.0010983682902484982
1,0.0008206401157400271,0.0010671059031153857
1,0.006402512487435722,0.0066477008226660615
1,0.006564651172797484,0.006806183351541127
1,0.0011314958407559986,0.0013696572974155495
1,0.001878052361052684,0.002116046986248283
1,0.0014766975807457001,0.0017105065641832085
1,0.0015804212658034463,0.0018119868603810954
1,0.0014266277433310497,0.0016498888980852548
1,0.0034355602973487813,0.003657158469463747
1,0.001043866299825772,0.0012651203097940337
1,0.0004532193971085808,0.0006716162196001143
1,0.00047934576832246663,0.0006950245963158265
1,0.0009143335226513221,0.001120644228264343
1,0.008825294688774899,0.00903077043832792
1,0.0007057442713224703,0.0009110544992970172
1,0.0009032760108197076,0.0010937527604044206
1,0.0009066333298549885,0.0010948201378482324
1,0.0004721726462557425,0.0006554439965442841
1,0.0009417300715660057,0.0011239983081559248
1,0.0013217095710969227,0.0015039114158983057
1,0.000775921185121217,0.0009564326207844444
1,0.0031006351255907587,0.003280624425114989
1,0.0004916010354231027,0.0006690852176076396
1,0.0006697283700925363,0.0008450494408658648
1,0.0009302273296871191,0.001101304537856293
1,0.0013445938875064239,0.0015141759109227311
1,0.0011646598455490422,0.0013320281057563345
1,0.0009974487076638593,0.0011639165117676266
1,0.00045145713711630556,0.0006174062459962829
1,0.0008817589276548064,0.00104584364808079
1,0.000317286706892602,0.000480816854310412
1,0.00041863775850731997,0.0005820669644717603
1,0.001299610213816057,0.0014607598236409118
1,0.00029084220265860033,0.0004501510269662244
1,0.001166736137764837,0.0013252732936185122
1,0.00028061132614761803,0.00043668516337419977
1,0.0007632591915021262,0.0009137583922034603
1,0.0006793081142687591,0.0008259063042863312
1,0.0008099876995621327,0.0009524366961187992
1,0.000499150485114613,0.0006415285872936728
1,0.0006517961618402425,0.000793073965255874
1,0.0005269579390285033,0.0006679188824587009
1,0.0003861930542943735,0.0005268718101498526
1,0.0008692704764930483,0.0010098170929402528
1,0.0003725848994265293,0.0005124103779566336
1,0.0004281764775010966,0.0005645706551626798
1,0.0003009388362081439,0.0004350277361690932
1,0.0008698792921265366,0.001003309613093937
1,0.0006367646555177124,0.0007688036957265526
1,0.001568590262681424,0.0016992323354852966
1,0.00046319600201918845,0.0005932840654158477
1,0.0005618543043264714,0.0006917589774901035
1,0.0008586947253992294,0.0009875881491914415
1,0.00035941478936762786,0.0004859851027232304
1,0.00031661683020756223,0.00044308548331557286
1,0.0009363757023627852,0.001062598777752641
1,0.000499014499758342,0.0006244758737297272
1,0.00039523235939783644,0.0005205362452407961
1,0.0004565631621328025,0.0005816272326192175
1,0.0009522591525080989,0.0010748864505515222
1,0.0010164083609497604,0.001138700456549203
1,0.0018960205438129114,0.002017531828143464
1,0.0003117340242058415,0.0004330676008174599
1,0.0011971806804804573,0.0013180688589212236
1,0.0010063552973014398,0.0011271580632068665
1,0.0009257942222518669,0.0010465069852971627
1,0.0006698085434118865,0.0007897585026558345
1,0.0004032329986163221,0.0005212403580792486
1,0.0003520946016973214,0.0004697000805885578
1,0.0004572997166175266,0.0005745706497261653
1,0.0007945033066113242,0.0009117722151462485
1,0.0015968950537343242,0.001713890158162969
1,0.0003145383178181689,0.00043046894755860465
1,0.0005134110559085415,0.0006291126128032391
1,0.004094380298030863,0.004209092177288702
1,0.0034306919928676397,0.003544998166787813
1,0.00030694685129734387,0.0004204427164068303
1,0.0002971957495908476,0.00041039364255175047
1,0.0009450075896539949,0.001057392413408673
1,0.0003249102506522067,0.0004370910990075884
1,0.0005803622968953753,0.0006917499835033817
1,0.0003522248409716187,0.0004634208945571761
1,0.00029936238918220725,0.00041020859317473704
1,0.00032126457550534664,0.0004304689475588033
1,0.000359585692612588,0.00046852813387168507
1,0.0010263795772420645,0.0011347684613387293
1,0.00044148154870007325,0.0005492043279266317
1,0.000387283761864085,0.0004947066486982998
1,0.001304365043476075,0.0014112656977821394
1,0.0003838388117085357,0.0004892154404162011
1,0.0008631061391200575,0.0009684103768218954
1,0.0008752684710839917,0.0009796295203511178
1,0.0005257098212751429,0.000629265890520951
1,0.0003321939754289447,0.0004352038598819577
1,0.0004815929584094276,0.0005834794560538989
1,0.0003044875762075747,0.000405874519197692
1,0.0038357919698952716,0.003937141777902805
1,0.0008563018375102164,0.0009571564010403594
1,0.0009715989836682342,0.001072010962590473
1,0.0011118910724685585,0.0012120918540275722
1,0.0006272170838104256,0.000726651868977642
1,0.0003639002676195116,0.00046314854098085254
1,0.0008591180264448441,0.0009582426395338479
1,0.0004737811053537536,0.0005727971353033105
1,0.0009148829887806945,0.0010134026008336162
1,0.0006873545651071603,0.0007858008663547092
1,0.00046517293293123137,0.0005620141832920995
1,0.00046380168418140176,0.0005605302504567184
1,0.0005655238289882462,0.0006617628014510739
1,0.0005207051408470978,0.0006167913054219143
1,0.00037736391180499926,0.0004729179082770486
1,0.00045301860182868657,0.0005485710050760641
1,0.0015207725880325377,0.0016162155732723333
1,0.0005469651192638393,0.000641485011255264
1,0.0002968386205510128,0.0003912341390561301
1,0.0033630182474918393,0.003457144405898805
1,0.0002759359605302804,0.0003694559026675589
1,0.0005868136897267261,0.0006796812726194112
1,0.0010420827381590312,0.0011336828829423859
1,0.0009284483052056609,0.0010195233925446013
1,0.0004412304072333352,0.0005318559900379477
1,0.0003194392401469677,0.0004098851272867363
1,0.0018765624257926494,0.0019664601851161847
1,0.00032447904001204123,0.0004139305454668662
1,0.0004432674360086422,0.000532300377830312
1,0.000249597261635558,0.00033855201797170685
1,0.0031781731114703974,0.0032669797886772274
1,0.0003763126617448915,0.00046477963783961827
1,0.0009257942222518669,0.0010132146709717984
1,0.0006887721911028299,0.0007759497552258409
1,0.0012928174680048711,0.0013796029455774449
1,0.000402179365976919,0.0004886465002087836
1,0.0003006151111138008,0.0003869705905157219
1,0.0005305848275999826,0.0006166100947423465
1,0.00046423891727289675,0.0005502280926353669
1,0.00038517196376567937,0.00047082527422345234
1,0.0006289501964731552,0.0007145888548233519
1,0.000891788363857571,0.0009770726443401262
1,0.0003740694255847032,0.0004590685044735062
1,0.0002635194692023868,0.0003484929456167868
1,0.0002907463731029123,0.000375607074883142
1,0.017538297850579587,0.017623154636062312
1,0.0008187927191640796,0.0009033653413527327
1,0.0003205089002729772,0.0004048711453275251
1,0.00035376014005560486,0.0004379161279447175
1,0.002175928377484036,0.002259829716351253
1,0.000951455184833523,0.0010348889975107668
1,0.0004339898997491411,0.0005173167519019322
1,0.0013661021736354534,0.0014492237811548712
1,0.0008039291799398096,0.0008866961494875574
1,0.0004585748976682766,0.0005411121029092407
1,0.006767500285685943,0.0068486007053779685
1,0.0003091706127470244,0.0003898731240344433
1,0.000720115891954425,0.0007984506106046749
1,0.0009066869986072743,0.0009829804080784459
1,0.00033653663078612767,0.0004128120281479016
1,0.0010374419715344734,0.0011124572733610116
1,0.0007113193074602195,0.0007861393304909153
1,0.0002951981789418286,0.0003694953758911669
1,0.0026349385123498065,0.002709019796098396
1,0.00042667106120835923,0.0005004601512847589
1,0.00032381673387553656,0.0003975141231520254
1,0.0004523361242620156,0.0005248275809724908
1,0.0005003438848211105,0.0005727477950380637
1,0.000434394930075088,0.0005065385849738508
1,0.0007270303901737609,0.0007990699928487699
1,0.0003400479841027442,0.00041199713772793685
1,0.0006920793697899612,0.0007638272692114218
1,0.00463432285614796,0.0047060436900171615
1,0.0008630158263473465,0.0009347055490504741
1,0.0008709379250986842,0.0009424597748293487
1,0.0007067418783529654,0.0007780663300449031
1,0.0005859578646055494,0.0006572492009244078
1,0.00029433601851127755,0.00036537604369686475
1,0.0010552291174300977,0.0011259780643568223
1,0.0004896801031944209,0.0005599645818709446
1,0.0009313641220005466,0.0010008661195531256
1,0.0002837537681952618,0.00035296925268845964
1,0.0004925075822574516,0.000561670779772317
1,0.0007055627509781951,0.0007741670445321417
1,0.0004949817146829625,0.0005635090222199677
1,0.0007790087919201316,0.000847533653744767
1,0.0003558465970564655,0.0004240652529026971
1,0.0010989534464027355,0.0011670440599222892
1,0.00042698946153876805,0.000494385852803464
1,0.0002499891647981772,0.00031735648620755797
1,0.0008871657360731659,0.0009540175106681889
1,0.0012791582662865075,0.0013455327116877463
1,0.0004622731224679242,0.0005282399747314116
1,0.0008648487179765496,0.0009307569776379926
1,0.0004179928207484878,0.0004837180866155254
1,0.00040260556081847705,0.00046828638554911493
1,0.00043966977803381387,0.0005052469506357098
1,0.00031081078665845367,0.0003758424176852016
1,0.0013178786656398286,0.0013827688739742163
1,0.0003505921265528677,0.00041546406581947264
1,0.00032167601376413004,0.0003864860601687937
1,0.00028822639640231894,0.00035297248808626277
1,0.00045038017434161987,0.0005149996333415247
1,0.0022914085119081144,0.0023558807557663235
1,0.0009982128861445228,0.0010622056402969208
1,0.0004332193533146321,0.000496234155507604
1,0.0003482535409161113,0.0004107727591613938
1,0.00027150297153971973,0.0003337775488060407
1,0.00033904475938181875,0.0004009978207399873
1,0.0004641346188282791,0.0005260455236218134
1,0.0006531838198647467,0.0007150519214156505
1,0.006584141081784052,0.006645803266672892
1,0.00042339509326741275,0.00048494070465905344
1,0.0005567013870391403,0.0006172788404779054
1,0.00048557776261468863,0.0005460517256721548
1,0.0008563762142621402,0.0009168355166496731
1,0.00025021094647003267,0.0003101626557536793
1,0.0004942197556900011,0.0005537868045838788
1,0.0007025703538162125,0.0007616474338963188
1,0.0003149089462432994,0.0003729492353200006
1,0.0003619673040484426,0.0004199806939633881
1,0.00034159015902509947,0.0003994921075566413
1,0.0003986711124923326,0.00045641829042912904
1,0.00037479200883198954,0.00043251848531982687
1,0.0006958688999767327,0.0007535326877475868
1,0.0006743478060457896,0.0007314806982962343
1,0.0005053654872207529,0.0005624714308077573
1,0.0002517042320075576,0.0003088093158593332
1,0.00047372531690893354,0.0005303189330502392
1,0.0008043163880381859,0.0008605686821266545
1,0.0003621228545946594,0.00041742031292646534
1,0.0009288802392653444,0.0009841072359805185
1,0.00043938766912691106,0.0004944875250238534
1,0.0006423162224427637,0.0006968790531484187
1,0.0002620031059794049,0.00031607641167414306
1,0.006751320331506138,0.006805379268261529
1,0.0002998270048845578,0.00035335297978722507
1,0.0008117470334144528,0.0008651332377274832
1,0.00035304091315414897,0.00040639281405601796
1,0.00034856094637498915,0.00040132844975354864
1,0.0011862492726374774,0.001238933808228936
1,0.0003920161348020417,0.0004446605142504956
1,0.0003576339582818772,0.00040995673795345643
1,0.0004977951808506256,0.0005497979827086373
1,0.0006321474654822042,0.0006840245429233576
1,0.000449271156596766,0.0005004260182395475
1,0.0004961383115386357,0.0005470456204224416
1,0.0007902838818015257,0.0008411430598417083
1,0.0004695147879698548,0.0005197984024885225
1,0.0003192804729198169,0.0003693495439269721
1,0.00038021767491366784,0.00042995012297416206
1,0.0004126191002176275,0.00046233021937471897
1,0.0003992298415773525,0.0004488589365413264
1,0.0005115079594969632,0.0005608604304230214
1,0.0005192009819122792,0.0005684832730493124
1,0.0003891790954580102,0.0004384246539386223
1,0.00030908985753474766,0.0003582382368026706
1,0.0004726619358250986,0.0005214953086728791
1,0.0002715840535098084,0.0003202444446239077
1,0.0004992627173315498,0.0005475063789404477
1,0.0006716395362071396,0.0007195128672825565
1,0.0003971198571444002,0.0004449234580659329
1,0.000416625175409571,0.00046425615679333355
1,0.0007275650909162616,0.000774854655744909
1,0.00030989383865946175,0.00035684197409742864
1,0.000908089204409781,0.0009550176930723641
1,0.0003515485524559876,0.00039844523312156105
1,0.0003052192227286023,0.00035153913713016535
1,0.00045592911436509665,0.0005022070389904941
1,0.0003031503576284775,0.00034937632585683125
1,0.0006658649359790441,0.0007118661302003936
1,0.0007905117830379757,0.0008363386582575235
1,0.00030716205850205,0.000352972488086497
1,0.00046956200148380134,0.0005149996333414659
1,0.0002580375132161383,0.0003033237398369534
1,0.0005336670528430298,0.0005778219360548211
1,0.0004092770373344357,0.00045307158761997946
1,0.0002899238038043793,0.0003333773575840388
1,0.0004736624473033879,0.0005170433738505391
1,0.0007063679408249718,0.0007496460043458948
1,0.0006173968934964358,0.0006595728803853377
1,0.0005071858329474323,0.0005485940085196694
1,0.000303730827968822,0.0003451282386945478
1,0.0005221644923724803,0.0005634988866084653
1,0.0002981541811093842,0.0003394586308579793
1,0.000315604480937361,0.0003567350499491992
1,0.00043144984574432064,0.0004722666981012902
1,0.0009191208558785378,0.0009598788110948045
1,0.00026914096889847226,0.0003098311701106762
1,0.0006096576292904758,0.0006503429358704592
1,0.0006175624474433341,0.0006580546500555798
1,0.0008818241311152527,0.0009222061900421892
1,0.0008008242128207207,0.0008411845467753042
1,0.00025638313976921877,0.000296657782299863
1,0.0004454973905870796,0.00048575688319609796
1,0.0004131204036738647,0.0004530673108876534
1,0.0011140216192170032,0.0011538549669990901
1,0.0002775183885943212,0.00031685771345564106
1,0.0003901944941571215,0.0004292021637227623
1,0.0017231223992453582,0.001761952302313399
1,0.0002817857260024516,0.0003203024976108592
1,0.0004907408404763791,0.0005291999793246518
1,0.00035014287765064596,0.0003884530234313914
1,0.0003415482914628095,0.00037983361309096156
1,0.0003705438115110035,0.0004087168107302023
1,0.0003194065448136882,0.00035751385018943107
1,0.00028287102292217725,0.00032088316181875544
1,0.00046526767403373774,0.0005027950319396231
1,0.0004390709853009193,0.00047621215347547793
1,0.013471237699978022,0.01350804454799645
1,0.000254664535741922,0.0002914004881172651
1,0.0010814079537167151,0.0011180474070246191
1,0.0013207351228136967,0.001356947080419344
1,0.0004475416945427969,0.0004831646093384563
1,0.0004774951091546013,0.0005131109051232941
1,0.0003980713146338229,0.0004335798550153327
1,0.0003864210313238053,0.0004218859039394576
1,0.0003484710695543305,0.0003837182586920545
1,0.0004471349936452472,0.0004821378402214136
1,0.0008484557063626299,0.0008831921098340683
1,0.00027783555257039025,0.0003125198673393447
1,0.0005576092456413493,0.0005922662856290756
1,0.00032493263259223586,0.0003593159449454008
1,0.00029114437645723227,0.00032503623338260107
1,0.00041615100279822034,0.0004495933880751074
1,0.0004759394088398115,0.0005090246560456379
1,0.0014418292877829415,0.0014745176886702775
1,0.0003687167965534434,0.0004009978207399873
1,0.0009436643437206616,0.0009759378260119475
1,0.00042380379085609214,0.00045600555881801757
1,0.00043046894755876386,0.00046255915309598747
1,0.00041731438212620607,0.00044876042695268857
1,0.00044296503957361036,0.00047435918087043955
1,0.0005307439297556633,0.0005620141832920995
1,0.00025103709292043905,0.0002820708077358078
1,0.000270204327180678,0.0003010010749854193
1,0.0009339099584627982,0.0009645960150156681
1,0.0004991832403105458,0.0005297242084648723
1,0.00031919942934074383,0.0003492112460987156
1,0.0002684504671749512,0.00029832678601711654
1,0.0003456581322734359,0.0003749050495135565
1,0.0005527532953935689,0.0005818765923314914
1,0.00033397713742267524,0.0003630714265035609
1,0.0004887884937304414,0.000517859118772995
1,0.0014448692198623654,0.0014739253969322616
1,0.00043667184329915037,0.0004655045117553483
1,0.0004302332882584082,0.0004589430724517878
1,0.0005870387669029309,0.0006157415152677043
1,0.00044526955747047645,0.00047395996218428866
1,0.0004511733389602975,0.00047974245028450176
1,0.0002860708268592115,0.0003143468593226618
1,0.0005030135350852832,0.0005307439297557381
1,0.0004631392658181023,0.0004906955252871644
1,0.0004890598437586528,0.0005165064033012309
1,0.0004957749385484927,0.0005230798844637526
1,0.00025673361133898604,0.0002836570408173206
1,0.0003248420136986872,0.00035171089127582927
1,0.0003338921679646483,0.0003606447603013753
1,0.001047990841079327,0.0010745593528471013
1,0.00038680262080972947,0.00041333401299724224
1,0.0003245689224242006,0.00035101686964643397
1,0.0002568353352348385,0.00028311916184568705
1,0.0005964267037211931,0.0006227090226012295
1,0.0005234339212498522,0.0005495753710674264
1,0.0003210080982944519,0.00034703821582510115
1,0.0003035623089108999,0.00032948592082534416
1,0.000649941221991454,0.0006755221742447618
1,0.00045837762121395044,0.0004837180866155254
1,0.00033797287511531975,0.00036309708168840316
1,0.0004201546437337363,0.00044517111934747435
1,0.0002797331441251891,0.0003042932374836199
1,0.0005069999022518859,0.0005314798526805404
1,0.0003021124103200514,0.0003265880498573721
1,0.0008158593630615534,0.0008403203562059782
1,0.00035900637657132543,0.0003832141231234447
1,0.0005171447904973127,0.0005411251751703676
1,0.00028528437225582845,0.0003090947219422807
1,0.00032143985099250115,0.00034524731188076896
1,0.0005594268433819566,0.0005829169967819902
1,0.0005068560591241004,0.0005303205233440042
1,0.0008727320832681774,0.0008961646241075542
1,0.0003711541681281995,0.0003944349588671786
1,0.00026059884732850555,0.0002837998731819672
1,0.003957204822634566,0.003979978947986805
1,0.0005448679145051523,0.0005675110712871031
1,0.00021537283109405653,0.0002378666583725166
1,0.0003157531373050464,0.0003381608024584144
1,0.00046856917987714715,0.0004906471764477222
1,0.0008338573273502733,0.0008554666747392169
1,0.0009162174038458332,0.0009372327104578061
1,0.0003619012997175034,0.0003828579670668259
1,0.0005708892842712449,0.0005916143549257679
1,0.00024448521811233555,0.00026483099886419277
1,0.00027831551216491585,0.00029862303910503017
1,0.000304888453233741,0.0003250891546968923
1,0.0003998221300065827,0.0004199341773766165
1,0.00030844910855188154,0.0003284003908387567
1,0.0004017387719577786,0.0004216133106666187
1,0.00032899392737596777,0.00034883228641442536
1,0.0002505937991034257,0.00027031600079150005
1,0.00028942854647299245,0.0003091059413427318
1,0.0005992688682961365,0.0006186916177817726
1,0.00036019650618800077,0.0003790494886870353
1,0.00022082065665050886,0.0002394053270104542
1,0.000506834960658367,0.0005253199143884292
1,0.00031343131818900924,0.00033179515151094573
1,0.0003589888705017955,0.0003773303517463172
1,0.0006321742948802365,0.0006503429358704592
1,0.0002981311788866394,0.00031628557222095185
1,0.00025568876134129134,0.000273749241491768
1,0.0004731508572950575,0.0004909635572173247
1,0.00045395197859227505,0.0004713444469905632
1,0.00031114551735785147,0.0003281995138349918
1,0.0003085950880736363,0.00032549102572314905
1,0.0004335199278792574,0.00044986983176287465
1,0.0007319876514527343,0.0007482361131529782
1,0.00035770056429559844,0.00037371899720257
1,0.00034602020904704703,0.00036188230049252393
1,0.00036404630016890983,0.0003796959893889373
1,0.00027770104784348974,0.00029327916205440665
1,0.0005551557688880215,0.0005703361634636053
1,0.0002963189576930145,0.00031131989955528053
1,0.0002539791163378609,0.00026886188575684543
1,0.0003175955553553749,0.00033246417531287596
1,0.0008720438589032981,0.0008867355136111538
1,0.00032290718310549126,0.00033733090836656615
1,0.0006280968692590854,0.0006425138571630554
1,0.00036120600903217614,0.00037560707488314203
1,0.0003203376107952257,0.0003346477865281011
1,0.00033266015588058153,0.0003467168638495663
1,0.00044726844645096025,0.0004611299208142929
1,0.0004397923550694549,0.0004536309959857838
1,0.0006334252737628537,0.0006466988444616389
1,0.0034638911513766167,0.0034770607594336186
1,0.00026501473484054816,0.00027808459309817485
1,0.00038156297585369874,0.0003946072296015845
1,0.0007023477320485092,0.0007153296174840504
1,0.000258112405678826,0.00027097330510704703
1,0.0006277132638529664,0.0006404740343035292
1,0.0007778328551753865,0.0007904804509070628
1,0.0009873848404998368,0.0009997457601795831
1,0.00040072208817576,0.0004130013521671223
1,0.0004866455741056866,0.0004988305202583419
1,0.0003026935964806104,0.0003145628008062544
1,0.000386742019562556,0.0003985093595660232
1,0.0003164499412286091,0.0003280537054478224
1,0.0005164042330889103,0.0005279571981208675
1,0.0002633310615320758,0.0002746223456531679
1,0.0006376719766904989,0.0006487693701972282
1,0.0007261661014437883,0.0007372537093151858
1,0.0002791878524246301,0.00029021366107017895
1,0.0003580711745462381,0.00036889661455806266
1,0.00035726769976671715,0.00036799664587236063
1,0.0004330117575863795,0.0004436603545608014
1,0.0008585995645525384,0.0008691210671868291
1,0.0004534284826203938,0.0004638457606603479
1,0.0004402414957917177,0.0004504384347806202
1,0.0008091976331033232,0.0008193766198163499
1,0.0005519423136869812,0.0005620909908374338
1,0.0002559458106817807,0.00026605279713824747
1,0.000373713677120515,0.0003835499286904781
1,0.00043763755783840275,0.0004473296001139319
1,0.0003287763472908377,0.0003384121277714065
1,0.0007204224869397483,0.0007299975365786657
1,0.0005932601785750267,0.0006028072106489365
1,0.0005316785333881224,0.0005411812576740535
1,0.0004322575720090942,0.00044174113052776535
1,0.00035876599133923773,0.00036809558502122496
1,0.00026689554467379,0.0002758406005389728
1,0.00023169289878078515,0.00024053752380702402
1,0.0004129413330665158,0.0004216011080523853
1,0.0002612726859097165,0.00026960085706100126
1,0.0004590964198697381,0.0004672125689255441
1,0.00026642505955653395,0.000274413875106905
1,0.0002636457811609463,0.0002716131982901855
1,0.0008917018330280304,0.0008992501158190144
1,0.0009345241087914404,0.0009419899238656231
1,0.0006731386815322886,0.0006802317399036243
1,0.0009924459739725636,0.0009993687277680577
1,0.0003032629013219394,0.0003101626557536199
1,0.00035272188635942386,0.000359611272726968
1,0.00035775494994662587,0.0003641673865850865
1,0.0004945826668666767,0.0005009520854084741
1,0.00044411944045939333,0.0004504827922840376
1,0.0004494439856686228,0.0004556164755059095
1,0.0002970644143647775,0.0003029591240783606
1,0.00037429002126779617,0.0003798921526019679
1,0.0002258751614312111,0.00023137687936659272
1,0.0009472128188943758,0.0009526487384373346
1,0.0004635890532777272,0.00046899358721209114
1,0.00035270050902951885,0.00035796729904158386
1,0.000610215989761565,0.0006154731550749589
1,0.00038308756706757324,0.0003882742895946066
1,0.0008950970073648383,0.0008999530830087639
1,0.00018979968238604095,0.0001945439600523022
1,0.0011090737501875253,0.0011137611078665777
1,0.00034584940304276254,0.0003505343786991407
1,0.000342489927700513,0.00034714379666910607
1,0.00041699587002896443,0.00042153218880978797
1,0.0010605371223845277,0.0010648104041875602
1,0.0002686496859169413,0.0002728780884890931
1,0.0005600759672688325,0.0005641774092246296
1,0.0006512552731297655,0.0006552586953599136
1,0.00035114315742512035,0.0003550357983932901
1,0.0004841136129607887,0.00048799041490051395
1,0.000250739003926409,0.0002542313588068653
1,0.00036394961675683844,0.00036727508312740423
1,0.0002149455741158389,0.0002182117908458736
1,0.00020436624573292556,0.00020759498030302264
1,0.00047929724545384865,0.00048233167559096833
1,0.00048113377940480607,0.0004841446013776283
1,0.0004984291546144678,0.0005013206863069069
1,0.0009978745622142792,0.0010007607956279024
1,0.00039098242556948303,0.0003937277682888624
1,0.0003302371530561842,0.00033296560713948263
1,0.0004725685520574443,0.00047522279842986657
1,0.0002681208777724608,0.0002706646982381482
1,0.0005881180143960992,0.0005906266303958631
1,0.000771037244702463,0.0007735420976362358
1,0.0008346139316155732,0.0008369215876399403
1,0.0005161817333910448,0.0005184599333997831
1,0.0002751868320571552,0.00027735337503718434
1,0.0008429305856077285,0.0008448428565908804
1,0.0002632954723815226,0.00026488589027062856
1,0.00024148644583094693,0.00024267356729625449
1,0.0008062072555656794,0.0008073833825327706
1,0.00031080165469150905,0.0003119344207414627
1,0.0009927836584051888,0.0009938518859189502
1,0.0004646731611897624,0.00046543821321832216
1,0.000295545066163165,0.00029622145753622966
1,0.00036172148581702774,0.00036227434227830286
1,0.00034601481333588644,0.00034633410362559704
1,0.0003149237421656662,0.0003152060584414826
1,0.00036618859236612695,0.00036630863452386653
1,0.00035993478608110875,0.0003599963712959625
0,0.0,inf
0,0.0,0.023716331647962868
0,0.0,0.016206556042694345
0,0.0,0.013881696899343746
0,0.0,0.012437180163983284
0,0.0,0.01076638483011981
0,0.0,0.00984588188522962
0,0.0,0.009777960301259346
0,0.0,0.008615304568770925
0,0.0,0.008440002177817612
0,0.0,0.007679286293539324
0,0.0,0.007641338855985234
0,0.0,0.007605293831056314
0,0.0,0.007324681976105822
0,0.0,0.007269753811091599
0,0.0,0.007023178527023485
0,0.0,0.0068765992369293405
0,0.0,0.006859847831310665
0,0.0,0.006750604175600494
0,0.0,0.006514374442646253
0,0.0,0.006197945018104487
0,0.0,0.005449274462808067
0,0.0,0.005448430678162992
0,0.0,0.005200344889522155
0,0.0,0.0049067076167562005
0,0.0,0.004781159705685535
0,0.0,0.004722026493165972
0,0.0,0.0047065003375981905
0,0.0,0.004577180091416345
0,0.0,0.00454388517978966
0,0.0,0.004529089731608118
0,0.0,0.004508933018051569
0,0.0,0.004487872288329819
0,0.0,0.004405239031803331
0,0.0,0.004404003354066281
0,0.0,0.004251408238723374
0,0.0,0.004084474373944066
0,0.0,0.004068232564558806
0,0.0,0.004016961830285683
0,0.0,0.0039713134695307005
0,0.0,0.0035792255519534796
0,0.0,0.0035390432617392114
0,0.0,0.0033714850066700643
0,0.0,0.003352864816375505
0,0.0,0.003327539818304697
0,0.0,0.0032489803606919284
0,0.0,0.0032166946712007235
0,0.0,0.0032101159903857234
0,0.0,0.003177673736198213
0,0.0,0.0030665226032467593
0,0.0,0.003064452152387593
0,0.0,0.002861696046526171
0,0.0,0.002850001144351781
0,0.0,0.002846155600635566
0,0.0,0.0027272411197909394
0,0.0,0.0025979264754546812
0,0.0,0.0025543695415786443
0,0.0,0.0024839555802618554
0,0.0,0.0024224231098942004
0,0.0,0.0024202045767737087
0,0.0,0.0023903403495824605
0,0.0,0.002318612753777756
0,0.0,0.002271631164743434
0,0.0,0.0021660762978092498
0,0.0,0.002150539415862961
0,0.0,0.002076172732150795
0,0.0,0.00198742561373718
0,0.0,0.0019403999971041416
0,0.0,0.0019099737142713679
0,0.0,0.0019094952355208695
0,0.0,0.0019047916743394043
0,0.0,0.001861354952027723
0,0.0,0.001861034852689322
0,0.0,0.0018448950514470294
0,0.0,0.0018440190274971418
0,0.0,0.0018042127434441725
0,0.0,0.0017279900783465348
0,0.0,0.0017147202739441745
0,0.0,0.0016790753998725018
0,0.0,0.0016652392369353663
0,0.0,0.0016377614143458846
0,0.0,0.0016092473525480056
0,0.0,0.0015941314121686741
0,0.0,0.0015921225112052262
0,0.0,0.0015833929173729865
0,0.0,0.001577045509207998
0,0.0,0.0015704116548754079
0,0.0,0.0015536484644350006
0,0.0,0.001515364656375792
0,0.0,0.0015086612110059865
0,0.0,0.0015050511081780293
0,0.0,0.001504393698772257
0,0.0,0.001502911914410325
0,0.0,0.0014521576591075185
0,0.0,0.0014437369752197773
0,0.0,0.0014419749425446582
0,0.0,0.0014201115634522852
0,0.0,0.0013961390558626984
0,0.0,0.0013784489659040004
0,0.0,0.0013473236250163894
0,0.0,0.0013436253713747016
0,0.0,0.00132900954802802
0,0.0,0.0013249466910166684
0,0.0,0.0013036738819256963
0,0.0,0.0013023579765397424
0,0.0,0.001297909012815883
0,0.0,0.0012843243918589323
0,0.0,0.0012730812442415165
0,0.0,0.0012686260434690564
0,0.0,0.0012663272791068752
0,0.0,0.0012596420095207985
0,0.0,0.0012546683361009533
0,0.0,0.0012392899874590318
0,0.0,0.0012379826560113595
0,0.0,0.001228761748201129
0,0.0,0.0012229968637454108
0,0.0,0.001204439597363479
0,0.0,0.0011801119230052317
0,0.0,0.0011799170992384837
0,0.0,0.0011675105306892526
0,0.0,0.0011371030238078313
0,0.0,0.0011122590980190362
0,0.0,0.0011122466536697994
0,0.0,0.0011066299173254951
0,0.0,0.0010950818614808584
0,0.0,0.0010942562127950444
0,0.0,0.0010921006667201126
0,0.0,0.0010543120213961424
0,0.0,0.0010525852248044006
0,0.0,0.001042739270896521
0,0.0,0.0010401930961189945
0,0.0,0.001034166277583508
0,0.0,0.0010331368293539959
0,0.0,0.0010064884503442324
0,0.0,0.0009974930318227809
0,0.0,0.000979637347351507
0,0.0,0.0009747332271927974
0,0.0,0.0009737638276083709
0,0.0,0.0009729712346938244
0,0.0,0.000955632180889192
0,0.0,0.0009535307847464776
0,0.0,0.0009413002031542547
0,0.0,0.0009406777368576534
0,0.0,0.0009378739383063755
0,0.0,0.0009370444102728514
0,0.0,0.0009300110085849313
0,0.0,0.0009270111956578352
0,0.0,0.0009253643201055142
0,0.0,0.0009165890494222806
0,0.0,0.0009131254437275275
0,0.0,0.0009128313646121337
0,0.0,0.0009102717291847631
0,0.0,0.0008990631171007611
0,0.0,0.0008985547226517525
0,0.0,0.0008952071965031143
0,0.0,0.0008951466921921395
0,0.0,0.0008933577591998999
0,0.0,0.0008916870067866481
0,0.0,0.0008914795835752256
0,0.0,0.0008910357565989681
0,0.0,0.0008904076498784213
0,0.0,0.0008902882346907893
0,0.0,0.0008867171060894469
0,0.0,0.0008865231158694224
0,0.0,0.0008805518549476701
0,0.0,0.0008798275832858278
0,0.0,0.0008793822226175514
0,0.0,0.0008771672773291543
0,0.0,0.0008770965542309748
0,0.0,0.0008672064886264269
0,0.0,0.0008651057997330081
0,0.0,0.0008627340168882778
0,0.0,0.0008620802732897254
0,0.0,0.0008598247225359482
0,0.0,0.0008585779691766351
0,0.0,0.0008580910485791904
0,0.0,0.0008575157248355917
0,0.0,0.0008548056330309785
0,0.0,0.0008547362054536939
0,0.0,0.0008514686991429112
0,0.0,0.0008485741705387155
0,0.0,0.0008421174488784801
0,0.0,0.0008341091113640957
0,0.0,0.0008314204478111388
0,0.0,0.0008289073114311077
0,0.0,0.0008267965912124
0,0.0,0.0008261610547193292
0,0.0,0.0008227862945029595
0,0.0,0.0008214192870487709
0,0.0,0.0008178384586069677
0,0.0,0.0008164410152913414
0,0.0,0.0008147119832042974
0,0.0,0.0008142998587080067
0,0.0,0.0008059971135950518
0,0.0,0.0008050019980540951
0,0.0,0.0007988466371156094
0,0.0,0.0007986257809310355
0,0.0,0.000795731030994824
0,0.0,0.0007951085140260497
0,0.0,0.0007931261883402409
0,0.0,0.0007922226515896602
0,0.0,0.0007906790812198795
0,0.0,0.0007886067069870394
0,0.0,0.0007883678044989158
0,0.0,0.0007838468228186165
0,0.0,0.0007826365955880537
0,0.0,0.0007792256612543313
0,0.0,0.000777839917605828
0,0.0,0.0007730129760837892
0,0.0,0.0007728009889114687
0,0.0,0.0007720633405904548
0,0.0,0.00077054699305027
0,0.0,0.0007696963892015931
0,0.0,0.0007675010056704038
0,0.0,0.0007641327192645069
0,0.0,0.0007638763736764674
0,0.0,0.0007637612540354771
0,0.0,0.0007624038159353557
0,0.0,0.000754359792781003
0,0.0,0.0007522590915620418
0,0.0,0.0007498562935590718
0,0.0,0.0007486128067768185
0,0.0,0.0007483768934640878
0,0.0,0.0007427860121978425
0,0.0,0.0007419561022855388
0,0.0,0.0007366974141037025
0,0.0,0.0007361612624164392
0,0.0,0.0007349580080529743
0,0.0,0.0007343873067733741
0,0.0,0.0007342058447191296
0,0.0,0.0007308996427814779
0,0.0,0.0007308132190153408
0,0.0,0.000730234539674111
0,0.0,0.0007301786998862749
0,0.0,0.0007283138257298521
0,0.0,0.0007273049817335049
0,0.0,0.0007260768543934879
0,0.0,0.000723831257109448
0,0.0,0.000722350814860272
0,0.0,0.0007213093116539229
0,0.0,0.0007201158919544465
0,0.0,0.0007173620844515458
0,0.0,0.0007165669051891695
0,0.0,0.0007158932860609651
0,0.0,0.0007135999751178299
0,0.0,0.0007114268987897688
0,0.0,0.0007085392791765451
0,0.0,0.0007058940512049982
0,0.0,0.0007058066630717731
0,0.0,0.0007048389703252904
0,0.0,0.0007023668865854402
0,0.0,0.0007014886139651011
0,0.0,0.0006988006127795155
0,0.0,0.0006977138035501627
0,0.0,0.0006962412502187608
0,0.0,0.0006955529262511544
0,0.0,0.0006913911829218076
0,0.0,0.0006913478177662921
0,0.0,0.0006814242090311136
0,0.0,0.0006744592215423636
0,0.0,0.0006738771739205032
0,0.0,0.0006735738255748234
0,0.0,0.0006731488504123901
0,0.0,0.0006718618433127591
0,0.0,0.000670352703031641
0,0.0,0.0006684119063599405
0,0.0,0.0006664100692308
0,0.0,0.0006663372272363976
0,0.0,0.0006655334454742012
0,0.0,0.0006635410247411287
0,0.0,0.000663526602807842
0,0.0,0.0006619209704414889
0,0.0,0.0006598947305360671
0,0.0,0.0006583897612467747
0,0.0,0.000657653029847444
0,0.0,0.0006554030902873318
0,0.0,0.0006547339157412507
0,0.0,0.0006542185725942684
0,0.0,0.0006537997601549827
0,0.0,0.0006534831079455947
0,0.0,0.0006528731345169789
0,0.0,0.0006523341822967696
0,0.0,0.0006523082183038509
0,0.0,0.0006503099449981475
0,0.0,0.0006455753843315683
0,0.0,0.0006439856698609661
0,0.0,0.0006418007079673743
0,0.0,0.0006395036959698994
0,0.0,0.0006383540351210522
0,0.0,0.0006382994536855354
0,0.0,0.0006370766007411601
0,0.0,0.0006369203887628925
0,0.0,0.0006347422857906817
0,0.0,0.0006345344574786079
0,0.0,0.000632595307868991
0,0.0,0.0006292868533984887
0,0.0,0.0006280373000444667
0,0.0,0.0006272869403010485
0,0.0,0.0006256786975529194
0,0.0,0.000625110181535396
0,0.0,0.0006245398392705618
0,0.0,0.0006238409209741293
0,0.0,0.0006236319525914138
0,0.0,0.0006211066226804483
0,0.0,0.0006202167446443675
0,0.0,0.0006197519083000321
0,0.0,0.0006173705030230633
0,0.0,0.0006123761539354281
0,0.0,0.0006098289724884239
0,0.0,0.0006096215708767911
0,0.0,0.000609354120285571
0,0.0,0.0006077965473905645
0,0.0,0.0006042117223927769
0,0.0,0.0006033402706435867
0,0.0,0.0006033145962364934
0,0.0,0.0005989831755803376
0,0.0,0.0005989050516626385
0,0.0,0.0005978310191134316
0,0.0,0.0005973024563141397
0,0.0,0.0005967596033924727
0,0.0,0.0005948353505094419
0,0.0,0.0005944851187745314
0,0.0,0.0005943511384273258
0,0.0,0.0005942418349467029
0,0.0,0.000592840881814612
0,0.0,0.0005919701528378156
0,0.0,0.0005914931741012568
0,0.0,0.0005912502568907366
0,0.0,0.0005898850543506294
0,0.0,0.0005891683730723876
0,0.0,0.00058905531460245
0,0.0,0.0005881930533773138
0,0.0,0.0005869415219038685
0,0.0,0.0005860506772350069
0,0.0,0.0005832576072943693
0,0.0,0.0005800776602291563
0,0.0,0.0005777787848174127
0,0.0,0.0005771954121449036
0,0.0,0.0005756006210058002
0,0.0,0.0005744576745796268
0,0.0,0.0005743414804036379
0,0.0,0.0005742599774760378
0,0.0,0.0005726823209434954
0,0.0,0.000571928000091985
0,0.0,0.0005710608562699506
0,0.0,0.0005698486750906317
0,0.0,0.0005693141415247993
0,0.0,0.0005683814760931863
0,0.0,0.0005681091602542573
0,0.0,0.0005667163551905139
0,0.0,0.000565550499166474
0,0.0,0.0005648114967886178
0,0.0,0.000563798660680478
0,0.0,0.000563431655805502
0,0.0,0.0005617701172986076
0,0.0,0.0005610418089370544
0,0.0,0.0005609059631718912
0,0.0,0.0005608660111060313
0,0.0,0.0005577618466831654
0,0.0,0.0005568016496062121
0,0.0,0.0005562422506064332
0,0.0,0.0005548719807274998
0,0.0,0.0005533863512777579
0,0.0,0.0005517611954522653
0,0.0,0.0005491828279074059
0,0.0,0.0005490944123660239
0,0.0,0.0005487423443257453
0,0.0,0.000548429234732428
0,0.0,0.0005483415976540522
0,0.0,0.0005475873530411368
0,0.0,0.0005468176149542868
0,0.0,0.0005467754487661965
0,0.0,0.0005446812533945981
0,0.0,0.000544600529977619
0,0.0,0.0005438567643286448
0,0.0,0.0005438307927603911
0,0.0,0.0005433073241630972
0,0.0,0.0005430240248575301
0,0.0,0.0005421590023875813
0,0.0,0.0005411782504381416
0,0.0,0.0005408571771077619
0,0.0,0.0005404151894223996
0,0.0,0.0005367105706079989
0,0.0,0.0005366016149629234
0,0.0,0.0005363480882611834
0,0.0,0.0005358518483484486
0,0.0,0.0005358129543815914
0,0.0,0.0005332610909556456
0,0.0,0.0005322695397006889
0,0.0,0.0005305622900019771
0,0.0,0.0005299324579553225
0,0.0,0.0005286656700321194
0,0.0,0.0005283740613507929
0,0.0,0.0005237073551287044
0,0.0,0.0005231393962921095
0,0.0,0.0005219596345539283
0,0.0,0.000521687309189368
0,0.0,0.0005202486359569478
0,0.0,0.0005202154702619969
0,0.0,0.0005185052067871554
0,0.0,0.0005185028220903005
0,0.0,0.0005182533055898337
0,0.0,0.0005170757772144207
0,0.0,0.0005169766915516726
0,0.0,0.0005157938751252994
0,0.0,0.0005147454313854128
0,0.0,0.0005136254327420108
0,0.0,0.0005131965895238796
0,0.0,0.0005131354840225979
0,0.0,0.0005109796936214464
0,0.0,0.0005102017489525988
0,0.0,0.0005101295609998154
0,0.0,0.0005093290714839902
0,0.0,0.0005085741892162734
0,0.0,0.0005069474629795694
0,0.0,0.0005063017953427916
0,0.0,0.0005059567153950942
0,0.0,0.0005059230823874684
0,0.0,0.0005055152727037386
0,0.0,0.0005052784827461575
0,0.0,0.0005049357755050553
0,0.0,0.0005044310690076848
0,0.0,0.0005038154262912713
0,0.0,0.0005027065498659617
0,0.0,0.0005020964412157596
0,0.0,0.0005009043386732017
0,0.0,0.0005003715507438511
0,0.0,0.0004988861745395415
0,0.0,0.0004988184938095869
0,0.0,0.0004983363578990976
0,0.0,0.0004962788270796483
0,0.0,0.000495472204756119
0,0.0,0.0004947066486982342
0,0.0,0.0004934238701642266
0,0.0,0.0004920386611848057
0,0.0,0.0004917407915362226
0,0.0,0.0004905278009233446
0,0.0,0.0004902565662876858
0,0.0,0.0004895005029303858
0,0.0,0.0004889863940946197
0,0.0,0.000488196425046474
0,0.0,0.00048776322069154343
0,0.0,0.0004862396634057345
0,0.0,0.000484758840521839
0,0.0,0.00048450827812483586
0,0.0,0.0004843085131181843
0,0.0,0.00048405634986508814
0,0.0,0.0004835283699257229
0,0.0,0.00048327977227310346
0,0.0,0.00048292711874848416
0,0.0,0.000482124882924517
0,0.0,0.0004803093706097912
0,0.0,0.00047948354435448
0,0.0,0.00047933549944840197
0,0.0,0.00047858702076598636
0,0.0,0.0004781500464201216
0,0.0,0.00047753893847114385
0,0.0,0.00047727947572751727
0,0.0,0.00047654937955926303
0,0.0,0.00047552001729792877
0,0.0,0.0004754255225532611
0,0.0,0.0004742413832649879
0,0.0,0.0004741712879989401
0,0.0,0.0004732536690525632
0,0.0,0.00047222082619567587
0,0.0,0.00047181321333912937
0,0.0,0.00047139134460243896
0,0.0,0.00047107189413520846
0,0.0,0.00047105220335662875
0,0.0,0.00047092913434458724
0,0.0,0.00047086520366544193
0,0.0,0.00047049458416650126
0,0.0,0.0004701632924127013
0,0.0,0.00046899358721209114
0,0.0,0.0004677720527324224
0,0.0,0.0004676783158652176
0,0.0,0.0004669581693348916
0,0.0,0.0004668758013165077
0,0.0,0.00046686321088564443
0,0.0,0.0004666947252217295
0,0.0,0.0004665357775559773
0,0.0,0.0004644818285063804
0,0.0,0.00046420853833515475
0,0.0,0.00046299056955179465
0,0.0,0.0004628573646522112
0,0.0,0.00046212988009396334
0,0.0,0.0004619128423123466
0,0.0,0.00046177004891146604
0,0.0,0.0004614165933740285
0,0.0,0.000461366188936352
0,0.0,0.00046131840620211963
0,0.0,0.00046050452915727104
0,0.0,0.0004603831040370851
0,0.0,0.0004590745397847858
0,0.0,0.0004589614729931617
0,0.0,0.00045885694542853337
0,0.0,0.0004588267697765889
0,0.0,0.0004576815709765552
0,0.0,0.0004576329822434386
0,0.0,0.00045755858352248906
0,0.0,0.0004568527677198087
0,0.0,0.0004566371121239817
0,0.0,0.0004565034479063885
0,0.0,0.00045522155901825726
0,0.0,0.0004551480789061182
0,0.0,0.0004538167751194014
0,0.0,0.00045379731938118267
0,0.0,0.0004535255869116488
0,0.0,0.0004532827871796524
0,0.0,0.0004528301169017229
0,0.0,0.0004525375666256141
0,0.0,0.0004525049525658133
0,0.0,0.0004524403993331404
0,0.0,0.00045229575382451916
0,0.0,0.00045220718178222663
0,0.0,0.00045151630617939044
0,0.0,0.0004509680706341897
0,0.0,0.00045067540883699447
0,0.0,0.0004498876863054131
0,0.0,0.0004491051159801542
0,0.0,0.00044835753559194366
0,0.0,0.0004482518542638419
0,0.0,0.00044807171277977853
0,0.0,0.00044807171277973245
0,0.0,0.00044723368804962986
0,0.0,0.0004469236977021982
0,0.0,0.00044686717683484385
0,0.0,0.00044665420325371084
0,0.0,0.0004463579806922581
0,0.0,0.0004462906204884714
0,0.0,0.00044593732771207523
0,0.0,0.0004453694272838964
0,0.0,0.0004452695574702486
0,0.0,0.0004448829977278234
0,0.0,0.00044241767492646434
0,0.0,0.0004423182887241857
0,0.0,0.0004420335576722441
0,0.0,0.00044196983490222343
0,0.0,0.00044137300363437666
0,0.0,0.00044127295483155344
0,0.0,0.00044075818719636434
0,0.0,0.0004401760576920272
0,0.0,0.00043957215083956734
0,0.0,0.00043922616220175005
0,0.0,0.0004382432848519767
0,0.0,0.00043783139650332444
0,0.0,0.0004361422844258179
0,0.0,0.00043566866952966555
0,0.0,0.00043505763322679677
0,0.0,0.00043501351928897677
0,0.0,0.0004349047400106082
0,0.0,0.0004349006875292113
0,0.0,0.00043454641436087944
0,0.0,0.00043431698901367176
0,0.0,0.0004342972787384782
0,0.0,0.0004333167312767543
0,0.0,0.00043327052196235943
0,0.0,0.00043316817862274577
0,0.0,0.00042791871064991896
0,0.0,0.00042774517126927024
0,0.0,0.000427570879213556
0,0.0,0.00042714447677774507
0,0.0,0.000426730977671369
0,0.0,0.0004265053250788295
0,0.0,0.00042635248725764505
0,0.0,0.00042583370341264814
0,0.0,0.0004254726086524872
0,0.0,0.00042545161494751834
0,0.0,0.00042451579172728143
0,0.0,0.00042263070322940533
0,0.0,0.00042243939976371544
0,0.0,0.0004216881481398106
0,0.0,0.00042151337886914216
0,0.0,0.00042095359064866757
0,0.0,0.0004209169892212953
0,0.0,0.00042053217574392694
0,0.0,0.00042026972038795916
0,0.0,0.000419598241104955
0,0.0,0.00041843430476807165
0,0.0,0.00041652500744933564
0,0.0,0.00041631724915334274
0,0.0,0.00041610095541029984
0,0.0,0.0004120071871393743
0,0.0,0.00041192006429447857
0,0.0,0.00041157292607956137
0,0.0,0.00041149991408082786
0,0.0,0.00041120560728912073
0,0.0,0.00041056585197741006
0,0.0,0.0004099239760137971
0,0.0,0.0004092024470882744
0,0.0,0.000408569747086367
0,0.0,0.00040814551735627214
0,0.0,0.00040801431552745367
0,0.0,0.00040755466446425176
0,0.0,0.0004070203378470129
0,0.0,0.0004069890559179273
0,0.0,0.00040633423350474435
0,0.0,0.00040513701384211704
0,0.0,0.0004049255891045111
0,0.0,0.00040475380193314466
0,0.0,0.00040447985685825277
0,0.0,0.0004038765236285083
0,0.0,0.00040330653186248995
0,0.0,0.0004027255829419043
0,0.0,0.00040228866870112593
0,0.0,0.0004010673926783255
0,0.0,0.0004008217849042743
0,0.0,0.000400631992262607
0,0.0,0.0004005565575298638
0,0.0,0.00040049166395479327
0,0.0,0.0004003715629028747
0,0.0,0.0003999296963639339
0,0.0,0.00039932699405180867
0,0.0,0.00039878662207752083
0,0.0,0.00039795425502080895
0,0.0,0.0003978274092255383
0,0.0,0.0003976609658423048
0,0.0,0.00039754252291518616
0,0.0,0.0003968443431933291
0,0.0,0.00039667552709493403
0,0.0,0.0003962666558099426
0,0.0,0.0003961194136476039
0,0.0,0.00039578537051266873
0,0.0,0.00039438308460786655
0,0.0,0.0003942663128284725
0,0.0,0.00039374646092292894
0,0.0,0.0003935204944991184
0,0.0,0.00039346398261662813
0,0.0,0.00039292302545940584
0,0.0,0.00039242930056968223
0,0.0,0.0003921803821890586
0,0.0,0.00039204853813138265
0,0.0,0.0003920107662152275
0,0.0,0.000391594515352504
0,0.0,0.00039094512747165993
0,0.0,0.0003908556034960715
0,0.0,0.0003908137168558016
0,0.0,0.0003905710343987204
0,0.0,0.00039038309563770284
0,0.0,0.00038822969998733386
0,0.0,0.00038797487761289134
0,0.0,0.0003875984656241002
0,0.0,0.00038648640424596115
0,0.0,0.0003855654224106695
0,0.0,0.0003855454661093623
0,0.0,0.0003853737181762583
0,0.0,0.0003852291916039678
0,0.0,0.00038434161887813197
0,0.0,0.00038352772323394944
0,0.0,0.00038333190172892877
0,0.0,0.0003829715089243823
0,0.0,0.00038292387531737416
0,0.0,0.00038291361889158324
0,0.0,0.00038274311541649787
0,0.0,0.0003825878513444978
0,0.0,0.00038143178446970214
0,0.0,0.00038137405737377085
0,0.0,0.0003813443079540154
0,0.0,0.0003813045509211773
0,0.0,0.00038071076062141896
0,0.0,0.00038036014434379174
0,0.0,0.00037948218638873094
0,0.0,0.00037847481832972365
0,0.0,0.00037814822310749946
0,0.0,0.00037784323537903245
0,0.0,0.0003776611701128314
0,0.0,0.0003766589691019082
0,0.0,0.00037643489944979517
0,0.0,0.00037590331047738514
0,0.0,0.000375476363454021
0,0.0,0.00037543387125527403
0,0.0,0.0003752190680533778
0,0.0,0.0003749591205351056
0,0.0,0.00037438121342771384
0,0.0,0.00037413282837901697
0,0.0,0.00037401463762320753
0,0.0,0.0003733575896866349
0,0.0,0.0003717886777713838
0,0.0,0.00037172954637098036
0,0.0,0.0003715383664750403
0,0.0,0.00037131720394742744
0,0.0,0.000371014896531301
0,0.0,0.00037058783503864914
0,0.0,0.00037046819788677645
0,0.0,0.00037001062512328705
0,0.0,0.0003698881394897389
0,0.0,0.0003682151936628716
0,0.0,0.000367938552901903
0,0.0,0.00036629676866021507
0,0.0,0.0003656178359060197
0,0.0,0.0003655145323681009
0,0.0,0.0003654542909943235
0,0.0,0.0003650926340121761
0,0.0,0.0003644031553530338
0,0.0,0.0003639606710172764
0,0.0,0.00036381264673701884
0,0.0,0.0003631233677618803
0,0.0,0.00036294891209906835
0,0.0,0.00036193967128240914
0,0.0,0.00036104990915881166
0,0.0,0.0003609214203005699
0,0.0,0.00036091888849478393
0,0.0,0.0003607981758304328
0,0.0,0.00035973419574294123
0,0.0,0.00035907270763985133
0,0.0,0.00035906831159782896
0,0.0,0.0003590113853427775
0,0.0,0.0003585550910493092
0,0.0,0.0003576339582818751
0,0.0,0.0003559936531315843
0,0.0,0.0003555917750235168
0,0.0,0.0003553746409203929
0,0.0,0.00035512673392062364
0,0.0,0.0003547840568661189
0,0.0,0.0003539100875497996
0,0.0,0.00035382237246710566
0,0.0,0.00035365944298042717
0,0.0,0.00035359821537802927
0,0.0,0.0003531083637916582
0,0.0,0.000352568800426324
0,0.0,0.00035253795761343396
0,0.0,0.0003523406337519946
0,0.0,0.0003523257607288547
0,0.0,0.0003520888719237243
0,0.0,0.00035114315742523403
0,0.0,0.00035101099097654574
0,0.0,0.00035048391557780434
0,0.0,0.0003497542343781936
0,0.0,0.00034964670786142345
0,0.0,0.000349646707861356
0,0.0,0.0003496467078613496
0,0.0,0.0003495653311862722
0,0.0,0.0003494344214578597
0,0.0,0.00034842976132731123
0,0.0,0.0003482535409160943
0,0.0,0.0003481555111543885
0,0.0,0.00034787021274173765
0,0.0,0.00034773549803516834
0,0.0,0.0003472401270241944
0,0.0,0.00034676364273502567
0,0.0,0.00034590299128529965
0,0.0,0.0003456899908533479
0,0.0,0.00034565813227337833
0,0.0,0.0003447527472276077
0,0.0,0.0003442719017503101
0,0.0,0.00034404792719504757
0,0.0,0.0003433873387444062
0,0.0,0.0003433854346072256
0,0.0,0.00034335461110657336
0,0.0,0.0003432732129502525
0,0.0,0.00034319523392423423
0,0.0,0.00034293892676853083
0,0.0,0.00034269547361300847
0,0.0,0.00034129391101850293
0,0.0,0.00034095529880440157
0,0.0,0.00034076224022813853
0,0.0,0.00033952393020086663
0,0.0,0.00033917513614468075
0,0.0,0.0003389413821233535
0,0.0,0.0003388127421470028
0,0.0,0.000338552116921996
0,0.0,0.0003384870804018777
0,0.0,0.0003380653309723477
0,0.0,0.0003378343608316491
0,0.0,0.00033781684216209614
0,0.0,0.0003373768119081638
0,0.0,0.0003373768119080983
0,0.0,0.0003369600231161605
0,0.0,0.0003367220920752129
0,0.0,0.0003365638324759224
0,0.0,0.000336414780056587
0,0.0,0.00033634924683698954
0,0.0,0.00033621814207780286
0,0.0,0.0003362093559538037
0,0.0,0.0003359473065325005
0,0.0,0.0003351599289501471
0,0.0,0.00033497438400611725
0,0.0,0.0003349479561109638
0,0.0,0.00033490427170592123
0,0.0,0.0003347067463147645
0,0.0,0.0003343113454130955
0,0.0,0.0003341768248172524
0,0.0,0.0003340417114350749
0,0.0,0.0003340413003674508
0,0.0,0.0003336276988793429
0,0.0,0.0003328527725021938
0,0.0,0.00033277649673331633
0,0.0,0.0003327266015330729
0,0.0,0.00033126171844610666
0,0.0,0.0003305937167212538
0,0.0,0.00033049671956212224
0,0.0,0.0003296208730820056
0,0.0,0.00032912790984034697
0,0.0,0.0003288017766771969
0,0.0,0.00032843903690418216
0,0.0,0.0003282450053410875
0,0.0,0.0003282364842874025
0,0.0,0.0003275907519041812
0,0.0,0.00032728375334438816
0,0.0,0.00032726045750742556
0,0.0,0.00032721632081984857
0,0.0,0.0003271488743962599
0,0.0,0.00032696292518231496
0,0.0,0.00032670711510951163
0,0.0,0.0003266763595265845
0,0.0,0.0003265436597772176
0,0.0,0.0003257292734512569
0,0.0,0.0003255587446515318
0,0.0,0.0003251830552769915
0,0.0,0.0003250694751473068
0,0.0,0.00032505109392422796
0,0.0,0.0003250010610723986
0,0.0,0.0003248809201713826
0,0.0,0.00032426966672270197
0,0.0,0.00032420750938706765
0,0.0,0.0003241395911900805
0,0.0,0.00032413367608282004
0,0.0,0.0003234922908765878
0,0.0,0.0003226662407740557
0,0.0,0.00032252943082916396
0,0.0,0.0003214110949161535
0,0.0,0.0003205228250036673
0,0.0,0.0003203146256802448
0,0.0,0.00032031462567987725
0,0.0,0.00031985495494153953
0,0.0,0.0003197587647394587
0,0.0,0.0003186464632618637
0,0.0,0.0003185464675646022
0,0.0,0.0003183977987056216
0,0.0,0.00031829280220008985
0,0.0,0.00031799391473289975
0,0.0,0.00031771727795609225
0,0.0,0.000317621143507237
0,0.0,0.00031755181661727517
0,0.0,0.0003171903408066773
0,0.0,0.00031675683323462096
0,0.0,0.000316121845097671
0,0.0,0.0003160066607272713
0,0.0,0.00031598281102955723
0,0.0,0.00031542429553616745
0,0.0,0.00031537820801244115
0,0.0,0.00031530830261226997
0,0.0,0.00031507269103997276
0,0.0,0.00031462629334351255
0,0.0,0.00031442246495238537
0,0.0,0.00031407135097925875
0,0.0,0.00031297704403268785
0,0.0,0.00031274218749934924
0,0.0,0.0003127271497114854
0,0.0,0.0003126560349522277
0,0.0,0.00031265453553705176
0,0.0,0.0003123715901980646
0,0.0,0.0003122300213758386
0,0.0,0.0003119921733921827
0,0.0,0.00031195636832848984
0,0.0,0.00031185122367930666
0,0.0,0.00031181456319640975
0,0.0,0.0003115319944358829
0,0.0,0.0003111455173578941
0,0.0,0.0003106685065930176
0,0.0,0.00031065821235396206
0,0.0,0.0003100405485610543
0,0.0,0.00030975571565882305
0,0.0,0.0003094643251631302
0,0.0,0.00030926215003431715
0,0.0,0.0003090342147050826
0,0.0,0.0003090187288127356
0,0.0,0.00030868525151160874
0,0.0,0.00030866969949378263
0,0.0,0.0003086628393374608
0,0.0,0.0003085916121901387
0,0.0,0.0003083114060480161
0,0.0,0.0003080705468183714
0,0.0,0.00030797801099280995
0,0.0,0.0003078799188897137
0,0.0,0.00030787991888958443
0,0.0,0.000307234843272387
0,0.0,0.0003068209332889162
0,0.0,0.0003065132082486689
0,0.0,0.0003064415272293589
0,0.0,0.000306231822444557
0,0.0,0.000305891438114732
0,0.0,0.00030587269036080666
0,0.0,0.00030571659844559726
0,0.0,0.0003055715371806951
0,0.0,0.0003051050189905742
0,0.0,0.0003048451954424233
0,0.0,0.00030409305925786675
0,0.0,0.0003040746507250013
0,0.0,0.0003039983644512474
0,0.0,0.00030398893276879064
0,0.0,0.00030391640767343797
0,0.0,0.0003037851744785942
0,0.0,0.0003034944708957643
0,0.0,0.0003034694634770442
0,0.0,0.00030338729519033004
0,0.0,0.0003029843094211241
0,0.0,0.00030268199103343306
0,0.0,0.000302667115216332
0,0.0,0.00030262068461740446
0,0.0,0.0003025486739556215
0,0.0,0.0003025351275315053
0,0.0,0.0003023748243560538
0,0.0,0.00030182121756777323
0,0.0,0.0003016428580821055
0,0.0,0.00030126080818111586
0,0.0,0.0003012028245024714
0,0.0,0.0003010920036065393
0,0.0,0.0003006453804229795
0,0.0,0.0003003218615226764
0,0.0,0.0003001578286877198
0,0.0,0.0003001549896635484
0,0.0,0.0002997016089930799
0,0.0,0.00029953276830248276
0,0.0,0.0002989709416963759
0,0.0,0.00029891899858209534
0,0.0,0.00029884503619115186
0,0.0,0.0002984520812090015
0,0.0,0.0002981311788868051
0,0.0,0.0002980653184179012
0,0.0,0.0002980098205345805
0,0.0,0.00029783526697363226
0,0.0,0.0002976872007119073
0,0.0,0.0002976332573949718
0,0.0,0.00029757942185413026
0,0.0,0.00029750542473202184
0,0.0,0.00029749488982707935
0,0.0,0.000297061054917634
0,0.0,0.0002968874951172082
0,0.0,0.0002965430523232177
0,0.0,0.0002965065051696364
0,0.0,0.00029635761914223815
0,0.0,0.00029602159790143023
0,0.0,0.0002959371985200738
0,0.0,0.0002958629077698117
0,0.0,0.0002955374052632723
0,0.0,0.00029523338650341976
0,0.0,0.0002949425271752413
0,0.0,0.0002949396883517501
0,0.0,0.0002947462995298365
0,0.0,0.0002945970986599499
0,0.0,0.0002944898138967567
0,0.0,0.0002943387547362273
0,0.0,0.00029433875473620967
0,0.0,0.0002941490419769762
0,0.0,0.00029396518752072153
0,0.0,0.00029393165629945634
0,0.0,0.0002938901102144404
0,0.0,0.0002938094360591577
0,0.0,0.0002935896090007799
0,0.0,0.0002934359062552067
0,0.0,0.0002925959690830938
0,0.0,0.0002922037363827398
0,0.0,0.00029193132323446073
0,0.0,0.0002918846250341567
0,0.0,0.00029182312349636106
0,0.0,0.00029160032069196657
0,0.0,0.0002913248291552364
0,0.0,0.00029124915053880624
0,0.0,0.0002909933287809927
0,0.0,0.00029097437970423506
0,0.0,0.00029087112815639663
0,0.0,0.00029087112815632567
0,0.0,0.0002906430122114163
0,0.0,0.0002903138980568831
0,0.0,0.00029011160231533694
0,0.0,0.0002900356071332169
0,0.0,0.00028973142707349977
0,0.0,0.0002897070223955314
0,0.0,0.0002896547250093589
0,0.0,0.0002896304916790068
0,0.0,0.0002895785301572483
0,0.0,0.00028955394073508094
0,0.0,0.0002895539407349507
0,0.0,0.00028917460265923074
0,0.0,0.0002889464569807075
0,0.0,0.0002889158425880556
0,0.0,0.0002888918721571388
0,0.0,0.00028860962539275115
0,0.0,0.00028848800637100647
0,0.0,0.00028848009460668157
0,0.0,0.000288077136582646
0,0.0,0.0002880771365825663
0,0.0,0.0002880526951672182
0,0.0,0.00028802972489600117
0,0.0,0.00028784547017078
0,0.0,0.00028751363644086457
0,0.0,0.00028714934951405696
0,0.0,0.00028703819111050013
0,0.0,0.00028680406093186945
0,0.0,0.00028626618278225117
0,0.0,0.00028582010095791867
0,0.0,0.00028567046577709525
0,0.0,0.00028557313653489197
0,0.0,0.0002855293917955287
0,0.0,0.00028546736678044317
0,0.0,0.0002854388723333424
0,0.0,0.0002853417470547046
0,0.0,0.00028519424360255534
0,0.0,0.00028511016978370027
0,0.0,0.0002848454327807428
0,0.0,0.00028468973698732444
0,0.0,0.00028461185715075705
0,0.0,0.00028437808967219844
0,0.0,0.000284144129871361
0,0.0,0.00028379432920929646
0,0.0,0.0002836756313995874
0,0.0,0.0002831830847075304
0,0.0,0.00028216804262613023
0,0.0,0.0002820823653446019
0,0.0,0.0002820203194046898
0,0.0,0.00028194214329236444
0,0.0,0.00028181842049529936
0,0.0,0.0002817938485636932
0,0.0,0.00028170431175566113
0,0.0,0.0002814789950032201
0,0.0,0.0002814726306546816
0,0.0,0.00028114417306060246
0,0.0,0.00028108493209834384
0,0.0,0.00028108174312032713
0,0.0,0.0002810658490103374
0,0.0,0.0002810658490102063
0,0.0,0.0002809139562298473
0,0.0,0.0002808307457914102
0,0.0,0.00028048968088776607
0,0.0,0.0002804518672740791
0,0.0,0.00028021604305780473
0,0.0,0.0002800593700232798
0,0.0,0.00027998229093545256
0,0.0,0.0002799806463758929
0,0.0,0.0002798205735815738
0,0.0,0.0002795824276778739
0,0.0,0.00027950439204143423
0,0.0,0.00027935005853396824
0,0.0,0.0002791803893128453
0,0.0,0.0002790590072754487
0,0.0,0.0002788995905201745
0,0.0,0.0002787400825915043
0,0.0,0.0002787232298467588
0,0.0,0.0002784806687769023
0,0.0,0.00027846809233260107
0,0.0,0.00027802116443144555
0,0.0,0.00027801250222204624
0,0.0,0.00027767450823875105
0,0.0,0.00027744969593860983
0,0.0,0.000277353375037203
0,0.0,0.00027714135992242564
0,0.0,0.00027703800423091907
0,0.0,0.00027682390121593444
0,0.0,0.00027639256369086084
0,0.0,0.0002762426665505831
0,0.0,0.0002762426665505831
0,0.0,0.0002762403118057985
0,0.0,0.00027610828459110004
0,0.0,0.00027526737847522804
0,0.0,0.0002751512339313446
0,0.0,0.0002750394353251571
0,0.0,0.00027502566845192915
0,0.0,0.0002748032184806501
0,0.0,0.00027479846031660697
0,0.0,0.000274654765167931
0,0.0,0.0002743335314145548
0,0.0,0.00027427100379320276
0,0.0,0.00027411065826434184
0,0.0,0.00027377046537023156
0,0.0,0.00027342748365693527
0,0.0,0.000273098618488808
0,0.0,0.00027304481715288893
0,0.0,0.00027288329994444653
0,0.0,0.0002724790880502923
0,0.0,0.00027148622235444083
0,0.0,0.0002713013600758199
0,0.0,0.000271235807505455
0,0.0,0.00027093471832252767
0,0.0,0.0002700710819075006
0,0.0,0.00027004111102114817
0,0.0,0.00026998967389292605
0,0.0,0.00026985565972353806
0,0.0,0.00026984673112675074
0,0.0,0.0002698267841804529
0,0.0,0.0002697946212729479
0,0.0,0.00026971438239456203
0,0.0,0.0002690792274855677
0,0.0,0.00026905915069652344
0,0.0,0.00026877965242084735
0,0.0,0.000268567702026106
0,0.0,0.00026841723489170284
0,0.0,0.0002682151845839748
0,0.0,0.00026812087777237264
0,0.0,0.00026812087777237264
0,0.0,0.00026811046736510506
0,0.0,0.000267968247120612
0,0.0,0.000267828878358751
0,0.0,0.00026772108189007676
0,0.0,0.00026754311932217424
0,0.0,0.0002673715303585582
0,0.0,0.00026609694135039554
0,0.0,0.0002658854632197417
0,0.0,0.0002658486007070698
0,0.0,0.00026581851340422866
0,0.0,0.000265652428718673
0,0.0,0.0002655133519039175
0,0.0,0.00026507031282064244
0,0.0,0.00026471892782714367
0,0.0,0.0002645613651614455
0,0.0,0.00026446828652635463
0,0.0,0.0002644369317533437
0,0.0,0.00026418703067533926
0,0.0,0.0002637291474182133
0,0.0,0.0002636528443141907
0,0.0,0.00026341523320182837
0,0.0,0.0002632954723815226
0,0.0,0.000263211499975502
0,0.0,0.00026316263742697026
0,0.0,0.0002630176861970055
0,0.0,0.0002629594218653824
0,0.0,0.00026285021232702604
0,0.0,0.0002627664353647646
0,0.0,0.0002627592492717236
0,0.0,0.0002625541099373278
0,0.0,0.0002619806369306238
0,0.0,0.0002619719275581209
0,0.0,0.0002618050074000337
0,0.0,0.00026175902040199745
0,0.0,0.00026170579072482697
0,0.0,0.00026164194171866866
0,0.0,0.0002616347692103875
0,0.0,0.00026155041171379125
0,0.0,0.00026129717581917775
0,0.0,0.00026104816770252634
0,0.0,0.0002609399454422459
0,0.0,0.00026079547276317895
0,0.0,0.00026062067714184215
0,0.0,0.00026039959308764
0,0.0,0.0002603427304634141
0,0.0,0.00026015596861686606
0,0.0,0.00026011235571397114
0,0.0,0.00025957498966072896
0,0.0,0.0002591890013311297
0,0.0,0.00025892169764274485
0,0.0,0.0002587219640556492
0,0.0,0.000258509605663674
0,0.0,0.00025848797343171025
0,0.0,0.0002582745404816379
0,0.0,0.0002580680134935682
0,0.0,0.0002574196075153124
0,0.0,0.00025729727604277547
0,0.0,0.0002571256873100647
0,0.0,0.00025695398399383745
0,0.0,0.0002568032529852341
0,0.0,0.0002565242228902517
0,0.0,0.00025642141417433405
0,0.0,0.0002563899249581436
0,0.0,0.00025633494598286267
0,0.0,0.00025605952610651387
0,0.0,0.0002560316841317621
0,0.0,0.0002559731799478941
0,0.0,0.00025588680465272426
0,0.0,0.00025588680465272426
0,0.0,0.0002557139665346234
0,0.0,0.0002555286866329485
0,0.0,0.00025545449009384047
0,0.0,0.00025531704337744917
0,0.0,0.00025503440514173614
0,0.0,0.0002550214426725779
0,0.0,0.0002550105474989834
0,0.0,0.00025458765864933263
0,0.0,0.00025458765864933263
0,0.0,0.0002545779593205567
0,0.0,0.0002544913534466638
0,0.0,0.00025442250702797887
0,0.0,0.000254327033098691
0,0.0,0.00025390188126531084
0,0.0,0.0002538160162793111
0,0.0,0.0002538145547343937
0,0.0,0.00025379744253434006
0,0.0,0.0002535825325126895
0,0.0,0.00025337747062379384
0,0.0,0.0002530145179669636
0,0.0,0.0002529470783770284
0,0.0,0.00025293963122530373
0,0.0,0.00025293249464776576
0,0.0,0.0002529273767493301
0,0.0,0.0002529273767492864
0,0.0,0.0002526234753177695
0,0.0,0.00025244870983491465
0,0.0,0.000252424279860867
0,0.0,0.0002524132214325731
0,0.0,0.0002524075563551176
0,0.0,0.0002521863345242889
0,0.0,0.000251744739406429
0,0.0,0.0002516147736403604
0,0.0,0.0002512664278427193
0,0.0,0.00025091487027166254
0,0.0,0.00025076156066756913
0,0.0,0.00025047337033213944
0,0.0,0.00025038506486492755
0,0.0,0.0002502967940885981
0,0.0,0.00025012513799867864
0,0.0,0.00025012282850772166
0,0.0,0.0002500316959092659
0,0.0,0.0002499493030821529
0,0.0,0.0002491761186784424
0,0.0,0.00024908069893206044
0,0.0,0.0002490682664913187
0,0.0,0.0002482726604130806
0,0.0,0.0002480724001487823
0,0.0,0.0002479986046617354
0,0.0,0.0002478936092064456
0,0.0,0.00024701881135758105
0,0.0,0.00024679087746146914
0,0.0,0.00024660035625368885
0,0.0,0.0002459361817000205
0,0.0,0.0002458457473591111
0,0.0,0.0002454971138661215
0,0.0,0.000244996010895749
0,0.0,0.0002448677483197836
0,0.0,0.00024466942090080275
0,0.0,0.00024466942090080275
0,0.0,0.00024448521811229923
0,0.0,0.0002443270018041015
0,0.0,0.00024378505584622226
0,0.0,0.00024371517175439324
0,0.0,0.00024367353753356922
0,0.0,0.00024348266499836407
0,0.0,0.00024283402364912374
0,0.0,0.00024282150631823078
0,0.0,0.00024260668652770844
0,0.0,0.00024258245651130231
0,0.0,0.0002423584243136635
0,0.0,0.00024187868282633617
0,0.0,0.00024145758517798215
0,0.0,0.00024096558525668827
0,0.0,0.00024090280499525804
0,0.0,0.00024087408512610479
0,0.0,0.00024081724711920454
0,0.0,0.00024072700079478157
0,0.0,0.00024072540273663377
0,0.0,0.00024029345970223706
0,0.0,0.00024026319846727227
0,0.0,0.00024017475298133406
0,0.0,0.0002399870769845344
0,0.0,0.0002399571648390922
0,0.0,0.0002399024339543967
0,0.0,0.00023946406465349076
0,0.0,0.0002394304769069713
0,0.0,0.00023940532701056198
0,0.0,0.00023916709909384485
0,0.0,0.00023915169108317617
0,0.0,0.00023890953500611538
0,0.0,0.0002387001434747919
0,0.0,0.00023863178695444535
0,0.0,0.00023860767779493907
0,0.0,0.00023851847797389246
0,0.0,0.0002384262969161447
0,0.0,0.00023842263885456795
0,0.0,0.00023840666842840305
0,0.0,0.0002381681537459841
0,0.0,0.00023792750222847943
0,0.0,0.00023764938699339668
0,0.0,0.00023759505802243034
0,0.0,0.00023705173437823325
0,0.0,0.00023694652282718406
0,0.0,0.0002368439711106444
0,0.0,0.00023657542864750225
0,0.0,0.00023606721174541654
0,0.0,0.00023583631617587458
0,0.0,0.0002355998440098246
0,0.0,0.00023555494445169392
0,0.0,0.00023551163655143772
0,0.0,0.0002353624525730288
0,0.0,0.00023522907899738035
0,0.0,0.00023521399706314433
0,0.0,0.0002351608895892304
0,0.0,0.0002351194386690328
0,0.0,0.0002348501210458683
0,0.0,0.0002342666956021614
0,0.0,0.0002341901179387133
0,0.0,0.00023395889792309692
0,0.0,0.00023385960494502205
0,0.0,0.0002337210273852759
0,0.0,0.0002336964715622299
0,0.0,0.00023357585203371368
0,0.0,0.000233291753993811
0,0.0,0.00023322021985164944
0,0.0,0.00023282865509081772
0,0.0,0.00023272251747086248
0,0.0,0.00023215188518390918
0,0.0,0.00023197034229333744
0,0.0,0.0002314722335347778
0,0.0,0.00023135105105187096
0,0.0,0.00023121802044044244
0,0.0,0.00023114113363484427
0,0.0,0.00023062329647794712
0,0.0,0.0002306126266448689
0,0.0,0.00023043150991963778
0,0.0,0.0002302763331790641
0,0.0,0.0002301715471330753
0,0.0,0.00022995555181584272
0,0.0,0.00022995134371768013
0,0.0,0.00022939334432484012
0,0.0,0.00022924520536280873
0,0.0,0.00022892459459702386
0,0.0,0.00022876390060059913
0,0.0,0.00022854046755239971
0,0.0,0.00022830571224253282
0,0.0,0.0002278568887386793
0,0.0,0.00022760461661558285
0,0.0,0.00022753531384420178
0,0.0,0.00022714636430549504
0,0.0,0.00022707812936420874
0,0.0,0.00022707812936408544
0,0.0,0.00022698114959061554
0,0.0,0.00022665923879445105
0,0.0,0.00022616806213114068
0,0.0,0.00022570632515311276
0,0.0,0.00022556153319339077
0,0.0,0.0002254858439987178
0,0.0,0.0002254634182719092
0,0.0,0.00022513059657613808
0,0.0,0.00022511624224765225
0,0.0,0.0002250933531110862
0,0.0,0.00022506856084409012
0,0.0,0.00022501774465281398
0,0.0,0.00022479792712052558
0,0.0,0.00022460177498967964
0,0.0,0.00022440484222494776
0,0.0,0.0002243468497357197
0,0.0,0.00022418913389768693
0,0.0,0.00022415048484062365
0,0.0,0.00022393141169324744
0,0.0,0.00022323735650048093
0,0.0,0.00022321959709429147
0,0.0,0.00022299041392143609
0,0.0,0.00022288434139488945
0,0.0,0.0002228231143708297
0,0.0,0.00022192843842693176
0,0.0,0.00022188440660148804
0,0.0,0.00022187979816878632
0,0.0,0.0002218797981685705
0,0.0,0.0002217291313023741
0,0.0,0.0002216294105276869
0,0.0,0.00022138308879638563
0,0.0,0.00022103618150688692
0,0.0,0.00022064032348048958
0,0.0,0.00022051211498460337
0,0.0,0.0002204861921087305
0,0.0,0.00022011299770745033
0,0.0,0.00022008639814068674
0,0.0,0.00021992036483396154
0,0.0,0.00021976973500941618
0,0.0,0.00021968587661100797
0,0.0,0.00021961308110088844
0,0.0,0.00021946597572807295
0,0.0,0.00021932331908388968
0,0.0,0.00021911202390896293
0,0.0,0.0002190603081433648
0,0.0,0.00021902684425542174
0,0.0,0.00021841430763270585
0,0.0,0.00021830794037514388
0,0.0,0.00021810863302215076
0,0.0,0.0002176345169299188
0,0.0,0.0002176031096299645
0,0.0,0.00021729857030519905
0,0.0,0.00021706447352165222
0,0.0,0.00021689240439801548
0,0.0,0.0002165893514828231
0,0.0,0.00021655671967181568
0,0.0,0.00021648274917604855
0,0.0,0.00021635328447460118
0,0.0,0.00021607778216059179
0,0.0,0.00021586641224919154
0,0.0,0.0002152658788939139
0,0.0,0.00021524935597339262
0,0.0,0.00021506522870270474
0,0.0,0.0002150483942958958
0,0.0,0.00021496153055714239
0,0.0,0.00021489599066079807
0,0.0,0.00021485005755223055
0,0.0,0.00021461629966120768
0,0.0,0.00021452721375495991
0,0.0,0.00021434484167225876
0,0.0,0.00021433643009618306
0,0.0,0.00021430831150970092
0,0.0,0.00021421697901003332
0,0.0,0.00021360440793126488
0,0.0,0.00021319004399512716
0,0.0,0.00021310676982601372
0,0.0,0.0002129041975113079
0,0.0,0.0002128825500769149
0,0.0,0.000212788109101108
0,0.0,0.0002125942179279486
0,0.0,0.00021238067991347407
0,0.0,0.00021227675004168657
0,0.0,0.00021203606280346005
0,0.0,0.00021197289886547334
0,0.0,0.00021183776366437329
0,0.0,0.00021165209910422903
0,0.0,0.00021109931918137802
0,0.0,0.00021067754189885005
0,0.0,0.00021057732072710594
0,0.0,0.00021047273799371119
0,0.0,0.00021035313365544485
0,0.0,0.00020993116104671102
0,0.0,0.00020988855227677534
0,0.0,0.00020944677320531828
0,0.0,0.00020921366744560305
0,0.0,0.0002091906608166787
0,0.0,0.00020844753001052744
0,0.0,0.00020807402937458413
0,0.0,0.00020748816528145625
0,0.0,0.00020679879348514766
0,0.0,0.00020667251646273578
0,0.0,0.0002064787538914308
0,0.0,0.000206340037649113
0,0.0,0.00020624594734642738
0,0.0,0.00020615919155417836
0,0.0,0.00020608361050553797
0,0.0,0.0002059869391997423
0,0.0,0.00020573005871588537
0,0.0,0.0002053901513425143
0,0.0,0.0002050683070842173
0,0.0,0.00020496813521094862
0,0.0,0.00020479958797100283
0,0.0,0.000204618714249087
0,0.0,0.00020424639087117494
0,0.0,0.00020424639087099008
0,0.0,0.0002041152983266522
0,0.0,0.00020391950926785957
0,0.0,0.00020292258252136648
0,0.0,0.00020183696574829364
0,0.0,0.00020163614387835386
0,0.0,0.0002016172069391637
0,0.0,0.00020135157437498424
0,0.0,0.00020127543506081978
0,0.0,0.00020053369633915815
0,0.0,0.00020042311805869403
0,0.0,0.0002001308683296701
0,0.0,0.00020008063533281053
0,0.0,0.0001998483209846193
0,0.0,0.00019941848028335614
0,0.0,0.00019941230540661804
0,0.0,0.00019940715417502452
0,0.0,0.00019897581940384949
0,0.0,0.00019896916640232905
0,0.0,0.00019886500022548052
0,0.0,0.00019880840317325856
0,0.0,0.00019875411925771431
0,0.0,0.00019769959138595352
0,0.0,0.0001968167469628775
0,0.0,0.0001968080441534575
0,0.0,0.00019623634186748446
0,0.0,0.00019618656143624466
0,0.0,0.0001955592736895883
0,0.0,0.00019551121842906706
0,0.0,0.00019539183390990893
0,0.0,0.00019512541386529822
0,0.0,0.00019465822964226381
0,0.0,0.00019424439483200462
0,0.0,0.00019401600628164166
0,0.0,0.00019381256574341443
0,0.0,0.00019376878966993763
0,0.0,0.00019368635302154658
0,0.0,0.00019358051477872534
0,0.0,0.0001931289214059125
0,0.0,0.00019294183633707598
0,0.0,0.00019293707976486297
0,0.0,0.00019278619013067086
0,0.0,0.00019277273305483514
0,0.0,0.00019213814771755914
0,0.0,0.00019198410443506929
0,0.0,0.00019175208641756422
0,0.0,0.00019140731163470775
0,0.0,0.0001913310832236784
0,0.0,0.0001905657791498208
0,0.0,0.00018990604331058057
0,0.0,0.00018903892388990595
0,0.0,0.00018897778073508013
0,0.0,0.0001881857004706997
0,0.0,0.00018759743488496236
0,0.0,0.0001873616114919475
0,0.0,0.00018695559016574875
0,0.0,0.00018684771892798458
0,0.0,0.00018674950148655714
0,0.0,0.0001864903433016588
0,0.0,0.00018620317930643243
0,0.0,0.00018615908109800624
0,0.0,0.00018594039037771542
0,0.0,0.00018553923953778682
0,0.0,0.000185064713851511
0,0.0,0.00018462799393351032
0,0.0,0.00018386706503415235
0,0.0,0.00018377843223407484
0,0.0,0.00018365858974816841
0,0.0,0.00018304966130866724
0,0.0,0.00018271794560728507
0,0.0,0.00018269701984452888
0,0.0,0.00018174474057385537
0,0.0,0.00018165816568592192
0,0.0,0.00018108562058947216
0,0.0,0.00018099081697176358
0,0.0,0.00018067622246299941
0,0.0,0.0001806366890676546
0,0.0,0.00018039275014608983
0,0.0,0.00018035297178376915
0,0.0,0.0001802507624388454
0,0.0,0.0001791545420483542
0,0.0,0.00017832243786454957
0,0.0,0.00017767393148415708
0,0.0,0.00017767123180005272
0,0.0,0.00017717381480173154
0,0.0,0.00017680302512279326
0,0.0,0.00017568420071034104
0,0.0,0.00017564190823572554
0,0.0,0.00017553631827484477
0,0.0,0.0001754243374035284
0,0.0,0.0001754136763704056
0,0.0,0.00017531721848518993
0,0.0,0.0001751386352578375
0,0.0,0.00017505018853473725
0,0.0,0.00017468816292846203
0,0.0,0.00017454248595704023
0,0.0,0.0001737471180943407
0,0.0,0.0001731351345603271
0,0.0,0.00017287715562707464
0,0.0,0.00017247236046511973
0,0.0,0.00017172490264784598
0,0.0,0.0001712513386345611
0,0.0,0.0001709301027271789
0,0.0,0.0001707307135484534
0,0.0,0.0001694152994663802
0,0.0,0.00016918176003179782
0,0.0,0.00016899996741729533
0,0.0,0.00016891850909586204
0,0.0,0.00016885184791270232
0,0.0,0.0001688453878234816
0,0.0,0.00016871082878759162
0,0.0,0.000168176105685872
0,0.0,0.0001677441137597221
0,0.0,0.00016765956863162786
0,0.0,0.0001669885687114097
0,0.0,0.0001662953915133025
0,0.0,0.00016579810415889718
0,0.0,0.0001657635943463472
0,0.0,0.00016526240613766222
0,0.0,0.00016489516430803517
0,0.0,0.00016439642565456558
0,0.0,0.00016389716490604144
0,0.0,0.0001637802021509835
0,0.0,0.00016368416752034163
0,0.0,0.00016280813513881864
0,0.0,0.00016280813513870948
0,0.0,0.00016280813513865948
0,0.0,0.00016264389217554288
0,0.0,0.0001621008392668176
0,0.0,0.00016204962925819993
0,0.0,0.00016196479153855742
0,0.0,0.00016191339583423287
0,0.0,0.00016146642802988186
0,0.0,0.0001614194539920543
0,0.0,0.00016132540576548055
0,0.0,0.000160910922043494
0,0.0,0.00016027228477013733
0,0.0,0.00016013181461626652
0,0.0,0.0001597722736078265
0,0.0,0.00015954903179620305
0,0.0,0.00015930386330766135
0,0.0,0.00015893777895236653
0,0.0,0.00015888701864181696
0,0.0,0.0001585532851883538
0,0.0,0.00015846950162808882
0,0.0,0.00015846907749185208
0,0.0,0.00015815066712477355
0,0.0,0.0001580960901814785
0,0.0,0.00015799302447829072
0,0.0,0.00015799302447822055
0,0.0,0.00015777004859871587
0,0.0,0.00015760647771899841
0,0.0,0.0001575928147087671
0,0.0,0.00015754924668027958
0,0.0,0.00015749171661080287
0,0.0,0.0001573912445390781
0,0.0,0.00015692710374982463
0,0.0,0.00015689270989305453
0,0.0,0.0001566289334596582
0,0.0,0.00015658360269531172
0,0.0,0.0001564258865640516
0,0.0,0.0001559719978440431
0,0.0,0.00015565953585556792
0,0.0,0.0001541546097365068
0,0.0,0.00015410743798266024
0,0.0,0.00015379678355442752
0,0.0,0.0001536739422213111
0,0.0,0.00015350904376347488
0,0.0,0.0001533649714241194
0,0.0,0.00015262465540130543
0,0.0,0.0001524289440683687
0,0.0,0.00015242894406831552
0,0.0,0.00015242894406831552
0,0.0,0.00015236605509842316
0,0.0,0.00015191673340144611
0,0.0,0.000151781154455439
0,0.0,0.0001516381301715664
0,0.0,0.00015162542587856127
0,0.0,0.0001515474368165599
0,0.0,0.00015147956203916078
0,0.0,0.00015112176367042753
0,0.0,0.00015016093076132341
0,0.0,0.0001500055440562564
0,0.0,0.00014980317726921293
0,0.0,0.0001497117033351727
0,0.0,0.00014903990958626737
0,0.0,0.00014882956925624946
0,0.0,0.00014853220718244838
0,0.0,0.00014853220718244838
0,0.0,0.00014832433378312999
0,0.0,0.00014807318961448094
0,0.0,0.00014769516110517316
0,0.0,0.00014750713183140772
0,0.0,0.00014622882921451661
0,0.0,0.00014542110132950012
0,0.0,0.00014473162073695096
0,0.0,0.00014420161915627326
0,0.0,0.00014411573870583337
0,0.0,0.00014399810711542376
0,0.0,0.0001438938245274084
0,0.0,0.00014327625161516158
0,0.0,0.00014281131934013668
0,0.0,0.00014193910841697185
0,0.0,0.00014162543044590447
0,0.0,0.00014092752207311721
0,0.0,0.0001397539194337786
0,0.0,0.00013959609451680313
0,0.0,0.00013956934075590657
0,0.0,0.0001395693407558164
0,0.0,0.00013940104387168782
0,0.0,0.00013935442727152242
0,0.0,0.00013927990816613693
0,0.0,0.00013871952047381285
0,0.0,0.0001385588235916595
0,0.0,0.0001385567422572087
0,0.0,0.00013776392112676327
0,0.0,0.00013717557070741428
0,0.0,0.00013626835306594862
0,0.0,0.00013512801207195193
0,0.0,0.00013433244519856194
0,0.0,0.00013430755511228748
0,0.0,0.00013369558642643405
0,0.0,0.00013237350942018095
0,0.0,0.00013231770355161946
0,0.0,0.00013216967631464867
0,0.0,0.0001318337934938341
0,0.0,0.00013153089417766836
0,0.0,0.0001315308941775614
0,0.0,0.00013097434181980197
0,0.0,0.00013012769854590096
0,0.0,0.00012916220748066987
0,0.0,0.00012879748650267047
0,0.0,0.00012857271467843454
0,0.0,0.0001285027714325661
0,0.0,0.00012847699199695318
0,0.0,0.0001277881023565603
0,0.0,0.0001272023590448907
0,0.0,0.00012668455621638757
0,0.0,0.00012657352392465984
0,0.0,0.000126573523924351
0,0.0,0.0001260812370706907
0,0.0,0.0001251042296185211
0,0.0,0.0001245757370238162
0,0.0,0.00012432269575919966
0,0.0,0.00012422748966941502
0,0.0,0.00012350940567871558
0,0.0,0.00012314879350566036
0,0.0,0.00012253892043102347
0,0.0,0.00012132965670365698
0,0.0,0.00012007041448989017
0,0.0,0.00012003985910304567
0,0.0,0.00011999709619747503
0,0.0,0.00011971916834121483
0,0.0,0.00011958096781661265
0,0.0,0.00011836089726782861
0,0.0,0.00011763661811259508
0,0.0,0.0001171203032556726
0,0.0,0.00011688252945563153
0,0.0,0.00011574218482650839
0,0.0,0.0001149363728881395
0,0.0,0.00011434749028837989
0,0.0,0.00011339207807437928
0,0.0,0.00011258367005815828
0,0.0,0.00011222248387946751
0,0.0,0.0001118571061815199
0,0.0,0.00011174138788955395
0,0.0,0.00011174138788938267
0,0.0,0.00011096644184699998
0,0.0,0.00011090834766975131
0,0.0,0.00011026475295968287
0,0.0,0.00010941216142913642
0,0.0,0.00010793886030867765
0,0.0,0.00010747631788333614
0,0.0,0.00010747631788328813
0,0.0,0.0001070089848058192
0,0.0,0.00010699994005136772
0,0.0,0.0001067099148241816
0,0.0,0.0001054666500784914
0,0.0,0.00010336945744067626
0,0.0,0.00010309839926843232
0,0.0,0.00010229154000334769
0,0.0,0.00010223201080520613
0,0.0,0.00010107432573018561
0,0.0,0.00010026042864235607
0,0.0,0.00010012033975698573
0,0.0,9.990053633097342e-05
0,0.0,9.91400443248807e-05
0,0.0,9.884768410773925e-05
0,0.0,9.864907042302802e-05
0,0.0,9.83481583072098e-05
0,0.0,9.672192760452504e-05
0,0.0,9.658542374969683e-05
0,0.0,9.454770698721087e-05
0,0.0,9.407614441154338e-05
0,0.0,9.032180895426862e-05
0,0.0,8.746403630221945e-05
0,0.0,8.687355904710243e-05
0,0.0,8.669515403662068e-05
0,0.0,8.372606792654524e-05
0,0.0,8.18223953170991e-05
0,0.0,8.155101017367422e-05
0,0.0,8.143591706565094e-05
0,0.0,8.061744486497391e-05
0,0.0,8.027235176075622e-05
0,0.0,7.995509334404104e-05
0,0.0,7.867457032465239e-05
0,0.0,7.681557035964302e-05
0,0.0,7.533359628241161e-05
0,0.0,7.448728295042515e-05
0,0.0,7.337860890664445e-05
0,0.0,7.244259109092514e-05
0,0.0,7.177774186296071e-05
0,0.0,7.172124537409607e-05
0,0.0,6.932268612749766e-05
0,0.0,6.878001254970433e-05
0,0.0,6.724868576428966e-05
0,0.0,6.490012273895658e-05
0,0.0,6.467830991933682e-05
0,0.0,6.368777068513469e-05
0,0.0,6.36170707395403e-05
0,0.0,6.174942830442294e-05
0,0.0,6.138937025950345e-05
0,0.0,6.0389286450448045e-05
0,0.0,5.972269124364536e-05
0,0.0,5.904771614241806e-05
0,0.0,5.563132218349962e-05
0,0.0,5.472065872108801e-05
0,0.0,5.4316810701907434e-05
0,0.0,5.4094820404055835e-05
0,0.0,5.38675047940094e-05
0,0.0,4.808998523289136e-05
0,0.0,4.794816969692908e-05
0,0.0,4.503405453005526e-05
0,0.0,4.270167396005935e-05
0,0.0,4.056521983863605e-05
0,0.0,3.713075831301377e-05
0,0.0,3.70212611200673e-05
0,0.0,3.3199545467499374e-05
0,0.0,2.6559636373990614e-05
0,0.0,2.4857278419383464e-05
